n t s r Xn Yn Zn X Y Z color


1 0.000 0.00031 0.155 300.000 200.000 350.000 0.077 0.090 0.104 0
1 0.020 0.00126 0.633 300.000 200.000 350.000 0.321 0.371 0.422 0
1 0.040 0.00280 1.407 300.000 200.000 350.000 0.718 0.824 0.934 0
1 0.060 0.00490 2.463 300.000 200.000 350.000 1.262 1.443 1.629 0
1 0.080 0.00753 3.786 300.000 200.000 350.000 1.947 2.220 2.498 0
1 0.100 0.01067 5.362 300.000 200.000 350.000 2.766 3.146 3.532 0
1 0.120 0.01429 7.180 300.000 200.000 350.000 3.714 4.214 4.720 0
1 0.140 0.01836 9.226 300.000 200.000 350.000 4.785 5.417 6.054 0
1 0.160 0.02286 11.489 300.000 200.000 350.000 5.973 6.748 7.526 0
1 0.180 0.02778 13.957 300.000 200.000 350.000 7.274 8.202 9.129 0
1 0.200 0.03308 16.621 300.000 200.000 350.000 8.683 9.771 10.855 0
1 0.220 0.03875 19.470 300.000 200.000 350.000 10.195 11.450 12.697 0
1 0.240 0.04477 22.496 300.000 200.000 350.000 11.805 13.235 14.649 0
1 0.260 0.05112 25.687 300.000 200.000 350.000 13.509 15.118 16.704 0
1 0.280 0.05779 29.037 300.000 200.000 350.000 15.303 17.097 18.857 0
1 0.300 0.06475 32.537 300.000 200.000 350.000 17.184 19.165 21.103 0
1 0.320 0.07200 36.179 300.000 200.000 350.000 19.146 21.319 23.436 0
1 0.340 0.07951 39.955 300.000 200.000 350.000 21.188 23.554 25.851 0
1 0.360 0.08728 43.860 300.000 200.000 350.000 23.305 25.866 28.345 0
1 0.380 0.09530 47.885 300.000 200.000 350.000 25.494 28.251 30.911 0
1 0.400 0.10353 52.025 300.000 200.000 350.000 27.751 30.707 33.547 0
1 0.420 0.11199 56.274 300.000 200.000 350.000 30.075 33.228 36.249 0
1 0.440 0.12065 60.626 300.000 200.000 350.000 32.462 35.813 39.012 0
1 0.460 0.12950 65.075 300.000 200.000 350.000 34.909 38.457 41.834 0
1 0.480 0.13854 69.616 300.000 200.000 350.000 37.414 41.158 44.711 0
1 0.500 0.14775 74.244 300.000 200.000 350.000 39.974 43.913 47.640 0
1 0.520 0.15712 78.954 300.000 200.000 350.000 42.586 46.720 50.619 0
1 0.540 0.16665 83.743 300.000 200.000 350.000 45.249 49.576 53.644 0
1 0.560 0.17633 88.604 300.000 200.000 350.000 47.960 52.478 56.712 0
1 0.580 0.18614 93.535 300.000 200.000 350.000 50.718 55.424 59.822 0
1 0.600 0.19609 98.532 300.000 200.000 350.000 53.519 58.412 62.971 0
1 0.620 0.20615 103.590 300.000 200.000 350.000 56.363 61.440 66.157 0
1 0.640 0.21633 108.705 300.000 200.000 350.000 59.247 64.505 69.378 0
1 0.660 0.22662 113.876 300.000 200.000 350.000 62.170 67.607 72.632 0
1 0.680 0.23701 119.097 300.000 200.000 350.000 65.129 70.743 75.917 0
1 0.700 0.24750 124.366 300.000 200.000 350.000 68.124 73.912 79.231 0
1 0.720 0.25807 129.681 300.000 200.000 350.000 71.153 77.111 82.573 0
1 0.740 0.26873 135.037 300.000 200.000 350.000 74.214 80.340 85.941 0
1 0.760 0.27947 140.432 300.000 200.000 350.000 77.306 83.596 89.334 0
1 0.780 0.29028 145.863 300.000 200.000 350.000 80.427 86.880 92.750 0
1 0.800 0.30115 151.328 300.000 200.000 350.000 83.577 90.188 96.189 0
1 0.820 0.31209 156.823 300.000 200.000 350.000 86.754 93.520 99.648 0
1 0.840 0.32308 162.347 300.000 200.000 350.000 89.956 96.876 103.127 0
1 0.860 0.33413 167.898 300.000 200.000 350.000 93.183 100.252 106.624 0
1 0.880 0.34522 173.471 300.000 200.000 350.000 96.434 103.650 110.139 0
1 0.900 0.35636 179.066 300.000 200.000 350.000 99.708 107.067 113.670 0
1 0.920 0.36753 184.680 300.000 200.000 350.000 103.003 110.502 117.217 0
1 0.940 0.37873 190.310 300.000 200.000 350.000 106.319 113.956 120.779 0
1 0.960 0.38997 195.955 300.000 200.000 350.000 109.654 117.426 124.354 0
1 0.980 0.40122 201.612 300.000 200.000 350.000 113.009 120.912 127.943 0
1 1.000 0.41250 207.278 300.000 200.000 350.000 116.381 124.413 131.544 0
1 1.020 0.42379 212.953 300.000 200.000 350.000 119.771 127.928 135.157 0
1 1.040 0.43509 218.632 300.000 200.000 350.000 123.178 131.458 138.781 0
1 1.060 0.44640 224.314 300.000 200.000 350.000 126.600 135.000 142.416 0
1 1.080 0.45771 229.997 300.000 200.000 350.000 130.037 138.555 146.060 0
1 1.100 0.46902 235.679 300.000 200.000 350.000 133.489 142.121 149.714 0
1 1.120 0.48032 241.356 300.000 200.000 350.000 136.955 145.699 153.376 0
1 1.140 0.49160 247.026 300.000 200.000 350.000 140.434 149.287 157.047 0
1 1.160 0.50286 252.686 300.000 200.000 350.000 143.925 152.885 160.726 0
1 1.180 0.51411 258.335 300.000 200.000 350.000 147.429 156.493 164.412 0
1 1.200 0.52532 263.968 300.000 200.000 350.000 150.944 160.110 168.105 0
1 1.220 0.53649 269.583 300.000 200.000 350.000 154.471 163.736 171.805 0
1 1.240 0.54762 275.177 300.000 200.000 350.000 158.008 167.370 175.511 0
1 1.260 0.55870 280.745 300.000 200.000 350.000 161.555 171.012 179.223 0
1 1.280 0.56973 286.286 300.000 200.000 350.000 165.112 174.661 182.940 0
1 1.300 0.58069 291.793 300.000 200.000 350.000 168.678 178.317 186.663 0
1 1.320 0.59158 297.264 300.000 200.000 350.000 172.253 181.980 190.390 0
1 1.340 0.60236 302.680 300.000 200.000 350.000 175.836 185.469 194.123 0
1 1.360 0.61301 308.033 300.000 200.000 350.000 179.427 188.583 197.859 0
1 1.380 0.62357 313.338 300.000 200.000 350.000 183.027 191.358 201.600 0
1 1.400 0.63405 318.604 300.000 200.000 350.000 186.633 193.806 205.345 0
1 1.420 0.64447 323.841 300.000 200.000 350.000 190.247 195.945 209.094 0
1 1.440 0.65485 329.057 300.000 200.000 350.000 193.868 197.790 212.846 0
1 1.460 0.66520 334.259 300.000 200.000 350.000 197.495 199.356 216.601 0
1 1.480 0.67553 339.452 300.000 200.000 350.000 201.128 200.656 220.360 0
1 1.500 0.68586 344.641 300.000 200.000 350.000 204.767 201.704 224.121 0
1 1.520 0.69619 349.829 300.000 200.000 350.000 208.412 202.511 227.886 0
1 1.540 0.70651 355.019 300.000 200.000 350.000 212.062 203.091 231.653 0
1 1.560 0.71685 360.214 300.000 200.000 350.000 215.718 203.454 235.422 0
1 1.580 0.72720 365.414 300.000 200.000 350.000 219.378 203.611 239.194 0
1 1.600 0.73756 370.619 300.000 200.000 350.000 223.044 203.572 242.968 0
1 1.620 0.74793 375.829 300.000 200.000 350.000 226.713 203.347 246.744 0
1 1.640 0.75830 381.042 300.000 200.000 350.000 230.387 202.945 250.522 0
1 1.660 0.76868 386.255 300.000 200.000 350.000 234.066 202.430 254.302 0
1 1.680 0.77904 391.464 300.000 200.000 350.000 237.748 201.934 258.084 0
1 1.700 0.78939 396.665 300.000 200.000 350.000 241.434 201.530 261.867 0
1 1.720 0.79973 401.859 300.000 200.000 350.000 245.123 201.211 265.652 0
1 1.740 0.81005 407.043 300.000 200.000 350.000 248.817 200.958 269.439 0
1 1.760 0.82034 412.218 300.000 200.000 350.000 252.513 200.758 273.227 0
1 1.780 0.83062 417.380 300.000 200.000 350.000 256.213 200.600 277.016 0
1 1.800 0.84086 422.526 300.000 200.000 350.000 259.915 200.475 280.806 0
1 1.820 0.85106 427.654 300.000 200.000 350.000 263.621 200.376 284.598 0
1 1.840 0.86122 432.757 300.000 200.000 350.000 267.329 200.297 288.391 0
1 1.860 0.87132 437.830 300.000 200.000 350.000 271.040 200.235 292.185 0
1 1.880 0.88133 442.865 300.000 200.000 350.000 274.754 200.186 295.979 0
1 1.900 0.89125 447.848 300.000 200.000 350.000 278.470 200.147 299.775 0
1 1.920 0.90104 452.766 300.000 200.000 350.000 282.188 200.116 303.572 0
1 1.940 0.91055 457.546 300.000 200.000 350.000 285.754 200.092 307.369 0
1 1.960 0.91967 462.130 300.000 200.000 350.000 288.989 200.073 311.168 0
1 1.980 0.92845 466.541 300.000 200.000 350.000 291.919 200.058 314.967 0
1 2.000 0.93691 470.790 300.000 200.000 350.000 294.558 200.046 318.766 0
1 2.020 0.94506 474.888 300.000 200.000 350.000 296.917 200.036 322.567 0
1 2.040 0.95293 478.841 300.000 200.000 350.000 299.009 200.029 326.368 0
1 2.060 0.96050 482.645 300.000 200.000 350.000 300.845 200.023 330.169 0
1 2.080 0.96756 486.192 300.000 200.000 350.000 302.437 200.018 333.882 0
1 2.100 0.97361 489.231 300.000 200.000 350.000 303.796 200.014 337.292 0
1 2.120 0.97833 491.606 300.000 200.000 350.000 304.930 200.011 340.292 0
1 2.140 0.98171 493.305 300.000 200.000 350.000 305.851 200.009 342.914 0
1 2.160 0.98379 494.346 300.000 200.000 350.000 306.567 200.007 345.177 0
1 2.180 0.98476 494.836 300.000 200.000 350.000 307.088 200.006 347.102 0
1 2.200 0.98501 494.961 300.000 200.000 350.000 307.421 200.004 348.707 0
1 2.220 0.98492 494.918 300.000 200.000 350.000 307.576 200.003 350.010 0
1 2.240 0.98482 494.864 300.000 200.000 350.000 307.560 200.003 351.028 0
1 2.260 0.98489 494.903 300.000 200.000 350.000 307.380 200.002 351.777 0
1 2.280 0.98527 495.093 300.000 200.000 350.000 307.043 200.002 352.272 0
1 2.300 0.98602 495.467 300.000 200.000 350.000 306.557 200.001 352.527 0
1 2.320 0.98715 496.039 300.000 200.000 350.000 305.927 200.001 352.555 0
1 2.340 0.98870 496.815 300.000 200.000 350.000 305.161 200.001 352.369 0
1 2.360 0.99059 497.767 300.000 200.000 350.000 304.279 200.001 352.009 0
1 2.380 0.99250 498.727 300.000 200.000 350.000 303.408 200.001 351.605 0
1 2.400 0.99408 499.519 300.000 200.000 350.000 302.688 200.000 351.273 0
1 2.420 0.99533 500.146 300.000 200.000 350.000 302.119 200.000 351.010 0
1 2.440 0.99631 500.641 300.000 200.000 350.000 301.670 200.000 350.802 0
1 2.460 0.99709 501.032 300.000 200.000 350.000 301.316 200.000 350.636 0
1 2.480 0.99770 501.340 300.000 200.000 350.000 301.037 200.000 350.505 0
1 2.500 0.99819 501.583 300.000 200.000 350.000 300.818 200.000 350.401 0
1 2.520 0.99857 501.775 300.000 200.000 350.000 300.644 200.000 350.318 0
1 2.540 0.99887 501.927 300.000 200.000 350.000 300.508 200.000 350.252 0
1 2.560 0.99911 502.046 300.000 200.000 350.000 300.400 200.000 350.200 0
1 2.580 0.99930 502.141 300.000 200.000 350.000 300.315 200.000 350.159 0
1 2.600 0.99945 502.215 300.000 200.000 350.000 300.249 200.000 350.126 0
1 2.620 0.99956 502.274 300.000 200.000 350.000 300.196 200.000 350.100 0
1 2.640 0.99965 502.320 300.000 200.000 350.000 300.154 200.000 350.079 0
1 2.660 0.99973 502.357 300.000 200.000 350.000 300.122 200.000 350.063 0
1 2.680 0.99978 502.386 300.000 200.000 350.000 300.096 200.000 350.050 0
1 2.700 0.99983 502.408 300.000 200.000 350.000 300.076 200.000 350.040 0
1 2.720 0.99987 502.426 300.000 200.000 350.000 300.060 200.000 350.032 0
1 2.740 0.99989 502.441 300.000 200.000 350.000 300.047 200.000 350.025 0
1 2.760 0.99992 502.452 300.000 200.000 350.000 300.037 200.000 350.020 0
1 2.780 0.99993 502.461 300.000 200.000 350.000 300.029 200.000 350.016 0
1 2.800 0.99995 502.468 300.000 200.000 350.000 300.023 200.000 350.013 0
1 2.820 0.99996 502.473 300.000 200.000 350.000 300.018 200.000 350.010 0
1 2.840 0.99997 502.477 300.000 200.000 350.000 300.014 200.000 350.008 0
1 2.860 0.99997 502.481 300.000 200.000 350.000 300.011 200.000 350.006 0
1 2.880 0.99998 502.484 300.000 200.000 350.000 300.009 200.000 350.005 0
1 2.900 0.99998 502.486 300.000 200.000 350.000 300.007 200.000 350.004 0
1 2.920 0.99999 502.487 300.000 200.000 350.000 300.006 200.000 350.003 0
1 2.940 0.99999 502.489 300.000 200.000 350.000 300.004 200.000 350.002 0
1 2.960 0.99999 502.490 300.000 200.000 350.000 300.003 200.000 350.002 0


2 0.000 0.00048 0.107 100.000 100.000 350.000 299.925 199.910 350.002 0
2 0.020 0.00202 0.452 100.000 100.000 350.000 299.680 199.629 350.001 0
2 0.040 0.00452 1.010 100.000 100.000 350.000 299.283 199.176 350.001 0
2 0.060 0.00793 1.773 100.000 100.000 350.000 298.738 198.557 350.001 0
2 0.080 0.01222 2.732 100.000 100.000 350.000 298.053 197.780 350.001 0
2 0.100 0.01733 3.876 100.000 100.000 350.000 297.233 196.854 350.000 0
2 0.120 0.02324 5.198 100.000 100.000 350.000 296.284 195.786 350.000 0
2 0.140 0.02991 6.687 100.000 100.000 350.000 295.213 194.583 350.000 0
2 0.160 0.03728 8.337 100.000 100.000 350.000 294.024 193.252 350.000 0
2 0.180 0.04534 10.138 100.000 100.000 350.000 292.722 191.798 350.000 0
2 0.200 0.05404 12.084 100.000 100.000 350.000 291.313 190.229 350.000 0
2 0.220 0.06335 14.166 100.000 100.000 350.000 289.801 188.550 350.000 0
2 0.240 0.07324 16.378 100.000 100.000 350.000 288.191 186.765 350.000 0
2 0.260 0.08368 18.712 100.000 100.000 350.000 286.486 184.882 350.000 0
2 0.280 0.09464 21.162 100.000 100.000 350.000 284.691 182.903 350.000 0
2 0.300 0.10609 23.722 100.000 100.000 350.000 282.810 180.835 350.000 0
2 0.320 0.11800 26.385 100.000 100.000 350.000 280.847 178.681 350.000 0
2 0.340 0.13034 29.145 100.000 100.000 350.000 278.805 176.446 350.000 0
2 0.360 0.14309 31.996 100.000 100.000 350.000 276.688 174.134 350.000 0
2 0.380 0.15623 34.933 100.000 100.000 350.000 274.499 171.749 350.000 0
2 0.400 0.16972 37.950 100.000 100.000 350.000 272.241 169.293 350.000 0
2 0.420 0.18354 41.041 100.000 100.000 350.000 269.917 166.772 350.000 0
2 0.440 0.19768 44.202 100.000 100.000 350.000 267.530 164.187 350.000 0
2 0.460 0.21209 47.426 100.000 100.000 350.000 265.082 161.543 350.000 0
2 0.480 0.22678 50.709 100.000 100.000 350.000 262.577 158.842 350.000 0
2 0.500 0.24170 54.045 100.000 100.000 350.000 260.017 156.087 350.000 0
2 0.520 0.25683 57.429 100.000 100.000 350.000 257.405 153.280 350.000 0
2 0.540 0.27216 60.857 100.000 100.000 350.000 254.741 150.424 350.000 0
2 0.560 0.28766 64.323 100.000 100.000 350.000 252.030 147.522 350.000 0
2 0.580 0.30330 67.821 100.000 100.000 350.000 249.272 144.576 350.000 0
2 0.600 0.31907 71.347 100.000 100.000 350.000 246.470 141.588 350.000 0
2 0.620 0.33494 74.894 100.000 100.000 350.000 243.626 138.560 350.000 0
2 0.640 0.35087 78.458 100.000 100.000 350.000 240.742 135.495 350.000 0
2 0.660 0.36686 82.032 100.000 100.000 350.000 237.819 132.393 350.000 0
2 0.680 0.38286 85.610 100.000 100.000 350.000 234.860 129.257 350.000 0
2 0.700 0.39885 89.186 100.000 100.000 350.000 231.864 126.088 350.000 0
2 0.720 0.41481 92.754 100.000 100.000 350.000 228.836 122.889 350.000 0
2 0.740 0.43069 96.305 100.000 100.000 350.000 225.774 119.660 350.000 0
2 0.760 0.44646 99.833 100.000 100.000 350.000 222.682 116.404 350.000 0
2 0.780 0.46203 103.313 100.000 100.000 350.000 219.561 113.257 350.000 0
2 0.800 0.47731 106.730 100.000 100.000 350.000 216.411 110.418 350.000 0
2 0.820 0.49237 110.097 100.000 100.000 350.000 213.234 107.908 350.000 0
2 0.840 0.50726 113.427 100.000 100.000 350.000 210.032 105.711 350.000 0
2 0.860 0.52205 116.735 100.000 100.000 350.000 206.804 103.811 350.000 0
2 0.880 0.53679 120.030 100.000 100.000 350.000 203.553 102.193 350.000 0
2 0.900 0.55152 123.324 100.000 100.000 350.000 200.280 100.843 350.000 0
2 0.920 0.56627 126.622 100.000 100.000 350.000 196.985 99.748 350.000 0
2 0.940 0.58107 129.932 100.000 100.000 350.000 193.669 98.895 350.000 0
2 0.960 0.59594 133.257 100.000 100.000 350.000 190.333 98.273 350.000 0
2 0.980 0.61090 136.602 100.000 100.000 350.000 186.978 97.869 350.000 0
2 1.000 0.62596 139.969 100.000 100.000 350.000 183.606 97.674 350.000 0
2 1.020 0.64111 143.357 100.000 100.000 350.000 180.216 97.676 350.000 0
2 1.040 0.65637 146.768 100.000 100.000 350.000 176.809 97.866 350.000 0
2 1.060 0.67170 150.198 100.000 100.000 350.000 173.387 98.200 350.000 0
2 1.080 0.68711 153.642 100.000 100.000 350.000 169.950 98.563 350.000 0
2 1.100 0.70257 157.099 100.000 100.000 350.000 166.498 98.863 350.000 0
2 1.120 0.71808 160.569 100.000 100.000 350.000 163.032 99.100 350.000 0
2 1.140 0.73365 164.050 100.000 100.000 350.000 159.553 99.288 350.000 0
2 1.160 0.74927 167.543 100.000 100.000 350.000 156.061 99.437 350.000 0
2 1.180 0.76495 171.047 100.000 100.000 350.000 152.557 99.554 350.000 0
2 1.200 0.78067 174.563 100.000 100.000 350.000 149.042 99.647 350.000 0
2 1.220 0.79644 178.090 100.000 100.000 350.000 145.516 99.721 350.000 0
2 1.240 0.81226 181.628 100.000 100.000 350.000 141.979 99.779 350.000 0
2 1.260 0.82813 185.175 100.000 100.000 350.000 138.431 99.825 350.000 0
2 1.280 0.84403 188.732 100.000 100.000 350.000 134.875 99.862 350.000 0
2 1.300 0.85998 192.298 100.000 100.000 350.000 131.309 99.891 350.000 0
2 1.320 0.87597 195.873 100.000 100.000 350.000 127.734 99.913 350.000 0
2 1.340 0.89200 199.457 100.000 100.000 350.000 124.150 99.932 350.000 0
2 1.360 0.90806 203.048 100.000 100.000 350.000 120.559 99.946 350.000 0
2 1.380 0.92416 206.647 100.000 100.000 350.000 116.959 99.957 350.000 0
2 1.400 0.93959 210.099 100.000 100.000 350.000 113.507 99.966 350.000 0
2 1.420 0.95357 213.225 100.000 100.000 350.000 110.382 99.973 350.000 0
2 1.440 0.96621 216.052 100.000 100.000 350.000 107.555 99.979 350.000 0
2 1.460 0.97757 218.591 100.000 100.000 350.000 105.016 99.983 350.000 0
2 1.480 0.98769 220.855 100.000 100.000 350.000 102.752 99.987 350.000 0
2 1.500 0.99664 222.856 100.000 100.000 350.000 100.751 99.989 350.000 0
2 1.520 0.99554 222.609 100.000 100.000 350.000 99.002 99.992 350.000 0
2 1.540 0.98879 221.100 100.000 100.000 350.000 97.493 99.993 350.000 0
2 1.560 0.98307 219.821 100.000 100.000 350.000 96.215 99.995 350.000 0
2 1.580 0.97834 218.763 100.000 100.000 350.000 95.156 99.996 350.000 0
2 1.600 0.97455 217.915 100.000 100.000 350.000 94.308 99.997 350.000 0
2 1.620 0.97166 217.269 100.000 100.000 350.000 93.662 99.997 350.000 0
2 1.640 0.96962 216.815 100.000 100.000 350.000 93.208 99.998 350.000 0
2 1.660 0.96842 216.545 100.000 100.000 350.000 92.938 99.998 350.000 0
2 1.680 0.96800 216.451 100.000 100.000 350.000 92.844 99.999 350.000 0
2 1.700 0.96833 216.526 100.000 100.000 350.000 92.919 99.999 350.000 0
2 1.720 0.96939 216.762 100.000 100.000 350.000 93.155 99.999 350.000 0
2 1.740 0.97113 217.152 100.000 100.000 350.000 93.545 99.999 350.000 0
2 1.760 0.97353 217.689 100.000 100.000 350.000 94.082 99.999 350.000 0
2 1.780 0.97657 218.367 100.000 100.000 350.000 94.760 100.000 350.000 0
2 1.800 0.98020 219.180 100.000 100.000 350.000 95.573 100.000 350.000 0
2 1.820 0.98402 220.034 100.000 100.000 350.000 96.427 100.000 350.000 0
2 1.840 0.98736 220.780 100.000 100.000 350.000 97.173 100.000 350.000 0
2 1.860 0.99003 221.378 100.000 100.000 350.000 97.771 100.000 350.000 0
2 1.880 0.99214 221.850 100.000 100.000 350.000 98.243 100.000 350.000 0
2 1.900 0.99381 222.222 100.000 100.000 350.000 98.615 100.000 350.000 0
2 1.920 0.99512 222.516 100.000 100.000 350.000 98.909 100.000 350.000 0
2 1.940 0.99615 222.747 100.000 100.000 350.000 99.140 100.000 350.000 0
2 1.960 0.99697 222.929 100.000 100.000 350.000 99.322 100.000 350.000 0
2 1.980 0.99761 223.073 100.000 100.000 350.000 99.466 100.000 350.000 0
2 2.000 0.99812 223.186 100.000 100.000 350.000 99.579 100.000 350.000 0
2 2.020 0.99852 223.275 100.000 100.000 350.000 99.668 100.000 350.000 0
2 2.040 0.99883 223.345 100.000 100.000 350.000 99.738 100.000 350.000 0
2 2.060 0.99908 223.401 100.000 100.000 350.000 99.794 100.000 350.000 0
2 2.080 0.99927 223.444 100.000 100.000 350.000 99.838 100.000 350.000 0
2 2.100 0.99943 223.479 100.000 100.000 350.000 99.872 100.000 350.000 0
2 2.120 0.99955 223.506 100.000 100.000 350.000 99.899 100.000 350.000 0
2 2.140 0.99964 223.527 100.000 100.000 350.000 99.920 100.000 350.000 0
2 2.160 0.99972 223.544 100.000 100.000 350.000 99.937 100.000 350.000 0
2 2.180 0.99978 223.557 100.000 100.000 350.000 99.951 100.000 350.000 0
2 2.200 0.99983 223.568 100.000 100.000 350.000 99.961 100.000 350.000 0
2 2.220 0.99986 223.576 100.000 100.000 350.000 99.969 100.000 350.000 0
2 2.240 0.99989 223.583 100.000 100.000 350.000 99.976 100.000 350.000 0
2 2.260 0.99991 223.588 100.000 100.000 350.000 99.981 100.000 350.000 0
2 2.280 0.99993 223.592 100.000 100.000 350.000 99.985 100.000 350.000 0
2 2.300 0.99995 223.595 100.000 100.000 350.000 99.988 100.000 350.000 0
2 2.320 0.99996 223.597 100.000 100.000 350.000 99.991 100.000 350.000 0
2 2.340 0.99997 223.599 100.000 100.000 350.000 99.993 100.000 350.000 0
2 2.360 0.99997 223.601 100.000 100.000 350.000 99.994 100.000 350.000 0
2 2.380 0.99998 223.602 100.000 100.000 350.000 99.995 100.000 350.000 0


3 0.000 0.00037 0.104 100.000 100.000 70.000 99.996 100.000 349.896 0
3 0.020 0.00151 0.422 100.000 100.000 70.000 99.997 100.000 349.578 0
3 0.040 0.00333 0.934 100.000 100.000 70.000 99.998 100.000 349.066 0
3 0.060 0.00582 1.629 100.000 100.000 70.000 99.998 100.000 348.371 0
3 0.080 0.00892 2.498 100.000 100.000 70.000 99.999 100.000 347.502 0
3 0.100 0.01261 3.532 100.000 100.000 70.000 99.999 100.000 346.468 0
3 0.120 0.01686 4.720 100.000 100.000 70.000 99.999 100.000 345.280 0
3 0.140 0.02162 6.054 100.000 100.000 70.000 99.999 100.000 343.946 0
3 0.160 0.02688 7.526 100.000 100.000 70.000 99.999 100.000 342.474 0
3 0.180 0.03260 9.129 100.000 100.000 70.000 100.000 100.000 340.871 0
3 0.200 0.03877 10.855 100.000 100.000 70.000 100.000 100.000 339.145 0
3 0.220 0.04535 12.697 100.000 100.000 70.000 100.000 100.000 337.303 0
3 0.240 0.05232 14.649 100.000 100.000 70.000 100.000 100.000 335.351 0
3 0.260 0.05966 16.704 100.000 100.000 70.000 100.000 100.000 333.296 0
3 0.280 0.06735 18.857 100.000 100.000 70.000 100.000 100.000 331.143 0
3 0.300 0.07537 21.103 100.000 100.000 70.000 100.000 100.000 328.897 0
3 0.320 0.08370 23.436 100.000 100.000 70.000 100.000 100.000 326.564 0
3 0.340 0.09233 25.851 100.000 100.000 70.000 100.000 100.000 324.149 0
3 0.360 0.10123 28.345 100.000 100.000 70.000 100.000 100.000 321.655 0
3 0.380 0.11040 30.911 100.000 100.000 70.000 100.000 100.000 319.089 0
3 0.400 0.11981 33.547 100.000 100.000 70.000 100.000 100.000 316.453 0
3 0.420 0.12946 36.249 100.000 100.000 70.000 100.000 100.000 313.751 0
3 0.440 0.13933 39.012 100.000 100.000 70.000 100.000 100.000 310.988 0
3 0.460 0.14941 41.834 100.000 100.000 70.000 100.000 100.000 308.166 0
3 0.480 0.15968 44.711 100.000 100.000 70.000 100.000 100.000 305.289 0
3 0.500 0.17014 47.640 100.000 100.000 70.000 100.000 100.000 302.360 0
3 0.520 0.18078 50.619 100.000 100.000 70.000 100.000 100.000 299.381 0
3 0.540 0.19158 53.644 100.000 100.000 70.000 100.000 100.000 296.356 0
3 0.560 0.20254 56.712 100.000 100.000 70.000 100.000 100.000 293.288 0
3 0.580 0.21365 59.822 100.000 100.000 70.000 100.000 100.000 290.178 0
3 0.600 0.22490 62.971 100.000 100.000 70.000 100.000 100.000 287.029 0
3 0.620 0.23628 66.157 100.000 100.000 70.000 100.000 100.000 283.843 0
3 0.640 0.24778 69.378 100.000 100.000 70.000 100.000 100.000 280.622 0
3 0.660 0.25940 72.632 100.000 100.000 70.000 100.000 100.000 277.368 0
3 0.680 0.27113 75.917 100.000 100.000 70.000 100.000 100.000 274.083 0
3 0.700 0.28297 79.231 100.000 100.000 70.000 100.000 100.000 270.769 0
3 0.720 0.29490 82.573 100.000 100.000 70.000 100.000 100.000 267.427 0
3 0.740 0.30693 85.941 100.000 100.000 70.000 100.000 100.000 264.059 0
3 0.760 0.31905 89.334 100.000 100.000 70.000 100.000 100.000 260.666 0
3 0.780 0.33125 92.750 100.000 100.000 70.000 100.000 100.000 257.250 0
3 0.800 0.34353 96.189 100.000 100.000 70.000 100.000 100.000 253.811 0
3 0.820 0.35589 99.648 100.000 100.000 70.000 100.000 100.000 250.352 0
3 0.840 0.36831 103.127 100.000 100.000 70.000 100.000 100.000 246.873 0
3 0.860 0.38080 106.624 100.000 100.000 70.000 100.000 100.000 243.376 0
3 0.880 0.39335 110.139 100.000 100.000 70.000 100.000 100.000 239.861 0
3 0.900 0.40596 113.670 100.000 100.000 70.000 100.000 100.000 236.330 0
3 0.920 0.41863 117.217 100.000 100.000 70.000 100.000 100.000 232.783 0
3 0.940 0.43135 120.779 100.000 100.000 70.000 100.000 100.000 229.221 0
3 0.960 0.44412 124.354 100.000 100.000 70.000 100.000 100.000 225.646 0
3 0.980 0.45694 127.943 100.000 100.000 70.000 100.000 100.000 222.057 0
3 1.000 0.46980 131.544 100.000 100.000 70.000 100.000 100.000 218.456 0
3 1.020 0.48270 135.157 100.000 100.000 70.000 100.000 100.000 214.843 0
3 1.040 0.49565 138.781 100.000 100.000 70.000 100.000 100.000 211.219 0
3 1.060 0.50863 142.416 100.000 100.000 70.000 100.000 100.000 207.584 0
3 1.080 0.52164 146.060 100.000 100.000 70.000 100.000 100.000 203.940 0
3 1.100 0.53469 149.714 100.000 100.000 70.000 100.000 100.000 200.286 0
3 1.120 0.54777 153.376 100.000 100.000 70.000 100.000 100.000 196.624 0
3 1.140 0.56088 157.047 100.000 100.000 70.000 100.000 100.000 192.953 0
3 1.160 0.57402 160.726 100.000 100.000 70.000 100.000 100.000 189.274 0
3 1.180 0.58719 164.412 100.000 100.000 70.000 100.000 100.000 185.588 0
3 1.200 0.60038 168.105 100.000 100.000 70.000 100.000 100.000 181.895 0
3 1.220 0.61359 171.805 100.000 100.000 70.000 100.000 100.000 178.195 0
3 1.240 0.62682 175.511 100.000 100.000 70.000 100.000 100.000 174.489 0
3 1.260 0.64008 179.223 100.000 100.000 70.000 100.000 100.000 170.777 0
3 1.280 0.65336 182.940 100.000 100.000 70.000 100.000 100.000 167.060 0
3 1.300 0.66665 186.663 100.000 100.000 70.000 100.000 100.000 163.337 0
3 1.320 0.67997 190.390 100.000 100.000 70.000 100.000 100.000 159.610 0
3 1.340 0.69329 194.123 100.000 100.000 70.000 100.000 100.000 155.877 0
3 1.360 0.70664 197.859 100.000 100.000 70.000 100.000 100.000 152.141 0
3 1.380 0.72000 201.600 100.000 100.000 70.000 100.000 100.000 148.400 0
3 1.400 0.73338 205.345 100.000 100.000 70.000 100.000 100.000 144.655 0
3 1.420 0.74676 209.094 100.000 100.000 70.000 100.000 100.000 140.906 0
3 1.440 0.76016 212.846 100.000 100.000 70.000 100.000 100.000 137.154 0
3 1.460 0.77358 216.601 100.000 100.000 70.000 100.000 100.000 133.399 0
3 1.480 0.78700 220.360 100.000 100.000 70.000 100.000 100.000 129.640 0
3 1.500 0.80043 224.121 100.000 100.000 70.000 100.000 100.000 125.879 0
3 1.520 0.81388 227.886 100.000 100.000 70.000 100.000 100.000 122.114 0
3 1.540 0.82733 231.653 100.000 100.000 70.000 100.000 100.000 118.347 0
3 1.560 0.84079 235.422 100.000 100.000 70.000 100.000 100.000 114.578 0
3 1.580 0.85426 239.194 100.000 100.000 70.000 100.000 100.000 110.806 0
3 1.600 0.86774 242.968 100.000 100.000 70.000 100.000 100.000 107.032 0
3 1.620 0.88123 246.744 100.000 100.000 70.000 100.000 100.000 103.256 0
3 1.640 0.89472 250.522 100.000 100.000 70.000 100.000 100.000 99.478 0
3 1.660 0.90822 254.302 100.000 100.000 70.000 100.000 100.000 95.698 0
3 1.680 0.92173 258.084 100.000 100.000 70.000 100.000 100.000 91.916 0
3 1.700 0.93524 261.867 100.000 100.000 70.000 100.000 100.000 88.133 0
3 1.720 0.94801 265.444 100.000 100.000 70.000 100.000 100.000 84.556 0
3 1.740 0.95927 268.595 100.000 100.000 70.000 100.000 100.000 81.405 0
3 1.760 0.96914 271.359 100.000 100.000 70.000 100.000 100.000 78.641 0
3 1.780 0.97771 273.757 100.000 100.000 70.000 100.000 100.000 76.243 0
3 1.800 0.98503 275.809 100.000 100.000 70.000 100.000 100.000 74.191 0
3 1.820 0.99120 277.535 100.000 100.000 70.000 100.000 100.000 72.465 0
3 1.840 0.99625 278.951 100.000 100.000 70.000 100.000 100.000 71.049 0
3 1.860 0.99973 279.923 100.000 100.000 70.000 100.000 100.000 69.923 0
3 1.880 0.99669 279.073 100.000 100.000 70.000 100.000 100.000 69.073 0
3 1.900 0.99458 278.483 100.000 100.000 70.000 100.000 100.000 68.483 0
3 1.920 0.99335 278.138 100.000 100.000 70.000 100.000 100.000 68.138 0
3 1.940 0.99294 278.024 100.000 100.000 70.000 100.000 100.000 68.024 0
3 1.960 0.99332 278.130 100.000 100.000 70.000 100.000 100.000 68.130 0
3 1.980 0.99431 278.406 100.000 100.000 70.000 100.000 100.000 68.406 0
3 2.000 0.99545 278.726 100.000 100.000 70.000 100.000 100.000 68.726 0
3 2.020 0.99639 278.990 100.000 100.000 70.000 100.000 100.000 68.990 0
3 2.040 0.99714 279.199 100.000 100.000 70.000 100.000 100.000 69.199 0
3 2.060 0.99773 279.364 100.000 100.000 70.000 100.000 100.000 69.364 0
3 2.080 0.99820 279.495 100.000 100.000 70.000 100.000 100.000 69.495 0
3 2.100 0.99857 279.599 100.000 100.000 70.000 100.000 100.000 69.599 0
3 2.120 0.99886 279.682 100.000 100.000 70.000 100.000 100.000 69.682 0
3 2.140 0.99910 279.748 100.000 100.000 70.000 100.000 100.000 69.748 0
3 2.160 0.99928 279.800 100.000 100.000 70.000 100.000 100.000 69.800 0
3 2.180 0.99943 279.841 100.000 100.000 70.000 100.000 100.000 69.841 0
3 2.200 0.99955 279.874 100.000 100.000 70.000 100.000 100.000 69.874 0
3 2.220 0.99964 279.900 100.000 100.000 70.000 100.000 100.000 69.900 0
3 2.240 0.99972 279.921 100.000 100.000 70.000 100.000 100.000 69.921 0
3 2.260 0.99977 279.937 100.000 100.000 70.000 100.000 100.000 69.937 0
3 2.280 0.99982 279.950 100.000 100.000 70.000 100.000 100.000 69.950 0
3 2.300 0.99986 279.960 100.000 100.000 70.000 100.000 100.000 69.960 0
3 2.320 0.99989 279.968 100.000 100.000 70.000 100.000 100.000 69.968 0
3 2.340 0.99991 279.975 100.000 100.000 70.000 100.000 100.000 69.975 0
3 2.360 0.99993 279.980 100.000 100.000 70.000 100.000 100.000 69.980 0
3 2.380 0.99994 279.984 100.000 100.000 70.000 100.000 100.000 69.984 0
3 2.400 0.99996 279.987 100.000 100.000 70.000 100.000 100.000 69.987 0
3 2.420 0.99996 279.990 100.000 100.000 70.000 100.000 100.000 69.990 0
3 2.440 0.99997 279.992 100.000 100.000 70.000 100.000 100.000 69.992 0
3 2.460 0.99998 279.994 100.000 100.000 70.000 100.000 100.000 69.994 0
3 2.480 0.99998 279.995 100.000 100.000 70.000 100.000 100.000 69.995 0


4 0.000 0.00000 0.000 100.000 100.000 70.000 100.000 100.000 69.996 1
4 0.020 0.00198 0.040 100.000 100.000 69.960 100.000 100.000 69.994 1
4 0.040 0.00793 0.159 100.000 100.000 69.841 100.000 100.000 69.977 1
4 0.060 0.01784 0.357 100.000 100.000 69.643 100.000 100.000 69.934 1
4 0.080 0.03172 0.634 100.000 100.000 69.366 100.000 100.000 69.853 1
4 0.100 0.04819 0.964 100.000 100.000 69.036 100.000 100.000 69.729 2
4 0.120 0.06471 1.294 100.000 100.000 68.706 100.000 100.000 69.562 2
4 0.140 0.08123 1.625 100.000 100.000 68.375 100.000 100.000 69.362 2
4 0.160 0.09775 1.955 100.000 100.000 68.045 100.000 100.000 69.135 2
4 0.180 0.11427 2.285 100.000 100.000 67.715 100.000 100.000 68.886 2
4 0.200 0.13079 2.616 100.000 100.000 67.384 100.000 100.000 68.621 2
4 0.220 0.14732 2.946 100.000 100.000 67.054 100.000 100.000 68.342 2
4 0.240 0.16384 3.277 100.000 100.000 66.723 100.000 100.000 68.052 2
4 0.260 0.18036 3.607 100.000 100.000 66.393 100.000 100.000 67.754 2
4 0.280 0.19688 3.938 100.000 100.000 66.062 100.000 100.000 67.450 2
4 0.300 0.21340 4.268 100.000 100.000 65.732 100.000 100.000 67.140 2
4 0.320 0.22992 4.598 100.000 100.000 65.402 100.000 100.000 66.826 2
4 0.340 0.24644 4.929 100.000 100.000 65.071 100.000 100.000 66.508 2
4 0.360 0.26296 5.259 100.000 100.000 64.741 100.000 100.000 66.188 2
4 0.380 0.27949 5.590 100.000 100.000 64.410 100.000 100.000 65.865 2
4 0.400 0.29601 5.920 100.000 100.000 64.080 100.000 100.000 65.542 2
4 0.420 0.31253 6.251 100.000 100.000 63.749 100.000 100.000 65.216 2
4 0.440 0.32905 6.581 100.000 100.000 63.419 100.000 100.000 64.890 2
4 0.460 0.34557 6.911 100.000 100.000 63.089 100.000 100.000 64.563 2
4 0.480 0.36209 7.242 100.000 100.000 62.758 100.000 100.000 64.235 2
4 0.500 0.37861 7.572 100.000 100.000 62.428 100.000 100.000 63.906 2
4 0.520 0.39514 7.903 100.000 100.000 62.097 100.000 100.000 63.578 2
4 0.540 0.41166 8.233 100.000 100.000 61.767 100.000 100.000 63.248 2
4 0.560 0.42818 8.564 100.000 100.000 61.436 100.000 100.000 62.919 2
4 0.580 0.44470 8.894 100.000 100.000 61.106 100.000 100.000 62.589 2
4 0.600 0.46122 9.224 100.000 100.000 60.776 100.000 100.000 62.260 2
4 0.620 0.47774 9.555 100.000 100.000 60.445 100.000 100.000 61.930 2
4 0.640 0.49426 9.885 100.000 100.000 60.115 100.000 100.000 61.600 2
4 0.660 0.51078 10.216 100.000 100.000 59.784 100.000 100.000 61.270 2
4 0.680 0.52731 10.546 100.000 100.000 59.454 100.000 100.000 60.939 2
4 0.700 0.54383 10.877 100.000 100.000 59.123 100.000 100.000 60.609 2
4 0.720 0.56035 11.207 100.000 100.000 58.793 100.000 100.000 60.279 2
4 0.740 0.57687 11.537 100.000 100.000 58.463 100.000 100.000 59.949 2
4 0.760 0.59339 11.868 100.000 100.000 58.132 100.000 100.000 59.618 2
4 0.780 0.60991 12.198 100.000 100.000 57.802 100.000 100.000 59.288 2
4 0.800 0.62643 12.529 100.000 100.000 57.471 100.000 100.000 58.958 2
4 0.820 0.64296 12.859 100.000 100.000 57.141 100.000 100.000 58.627 2
4 0.840 0.65948 13.190 100.000 100.000 56.810 100.000 100.000 58.297 2
4 0.860 0.67600 13.520 100.000 100.000 56.480 100.000 100.000 57.966 2
4 0.880 0.69252 13.850 100.000 100.000 56.150 100.000 100.000 57.636 2
4 0.900 0.70904 14.181 100.000 100.000 55.819 100.000 100.000 57.306 2
4 0.920 0.72556 14.511 100.000 100.000 55.489 100.000 100.000 56.975 2
4 0.940 0.74208 14.842 100.000 100.000 55.158 100.000 100.000 56.645 2
4 0.960 0.75860 15.172 100.000 100.000 54.828 100.000 100.000 56.314 2
4 0.980 0.77513 15.503 100.000 100.000 54.497 100.000 100.000 55.984 2
4 1.000 0.79165 15.833 100.000 100.000 54.167 100.000 100.000 55.653 2
4 1.020 0.80817 16.163 100.000 100.000 53.837 100.000 100.000 55.323 2
4 1.040 0.82469 16.494 100.000 100.000 53.506 100.000 100.000 54.993 2
4 1.060 0.84121 16.824 100.000 100.000 53.176 100.000 100.000 54.662 2
4 1.080 0.85773 17.155 100.000 100.000 52.845 100.000 100.000 54.332 2
4 1.100 0.87425 17.485 100.000 100.000 52.515 100.000 100.000 54.001 2
4 1.120 0.89078 17.816 100.000 100.000 52.184 100.000 100.000 53.671 2
4 1.140 0.90730 18.146 100.000 100.000 51.854 100.000 100.000 53.340 2
4 1.160 0.92382 18.476 100.000 100.000 51.524 100.000 100.000 53.010 2
4 1.180 0.94034 18.807 100.000 100.000 51.193 100.000 100.000 52.680 2
4 1.200 0.95686 19.137 100.000 100.000 50.863 100.000 100.000 52.349 2
4 1.220 0.97338 19.468 100.000 100.000 50.532 100.000 100.000 52.019 2
4 1.240 0.98810 19.762 100.000 100.000 50.238 100.000 100.000 51.691 3
4 1.260 0.99703 19.941 100.000 100.000 50.059 100.000 100.000 51.380 3


5 0.000 0.00000 0.000 100.000 100.000 50.000 100.000 100.000 51.104 1
5 0.020 0.00040 0.040 100.040 100.000 50.000 100.003 100.000 50.877 1
5 0.040 0.00160 0.160 100.160 100.000 50.000 100.019 100.000 50.696 1
5 0.060 0.00359 0.359 100.359 100.000 50.000 100.060 100.000 50.552 1
5 0.080 0.00638 0.638 100.638 100.000 50.000 100.139 100.000 50.438 1
5 0.100 0.00997 0.997 100.997 100.000 50.000 100.264 100.000 50.348 1
5 0.120 0.01436 1.436 101.436 100.000 50.000 100.442 100.000 50.276 1
5 0.140 0.01955 1.955 101.955 100.000 50.000 100.680 100.000 50.219 1
5 0.160 0.02553 2.553 102.553 100.000 50.000 100.980 100.000 50.174 1
5 0.180 0.03231 3.231 103.231 100.000 50.000 101.348 100.000 50.138 1
5 0.200 0.03989 3.989 103.989 100.000 50.000 101.785 100.000 50.110 1
5 0.220 0.04814 4.814 104.814 100.000 50.000 102.292 100.000 50.087 2
5 0.240 0.05645 5.645 105.645 100.000 50.000 102.866 100.000 50.069 2
5 0.260 0.06476 6.476 106.476 100.000 50.000 103.494 100.000 50.055 2
5 0.280 0.07307 7.307 107.307 100.000 50.000 104.164 100.000 50.043 2
5 0.300 0.08138 8.138 108.138 100.000 50.000 104.869 100.000 50.034 2
5 0.320 0.08969 8.969 108.969 100.000 50.000 105.601 100.000 50.027 2
5 0.340 0.09800 9.800 109.800 100.000 50.000 106.353 100.000 50.022 2
5 0.360 0.10631 10.631 110.631 100.000 50.000 107.123 100.000 50.017 2
5 0.380 0.11463 11.463 111.463 100.000 50.000 107.905 100.000 50.014 2
5 0.400 0.12294 12.294 112.294 100.000 50.000 108.698 100.000 50.011 2
5 0.420 0.13125 13.125 113.125 100.000 50.000 109.498 100.000 50.009 2
5 0.440 0.13956 13.956 113.956 100.000 50.000 110.306 100.000 50.007 2
5 0.460 0.14787 14.787 114.787 100.000 50.000 111.118 100.000 50.005 2
5 0.480 0.15618 15.618 115.618 100.000 50.000 111.934 100.000 50.004 2
5 0.500 0.16449 16.449 116.449 100.000 50.000 112.754 100.000 50.003 2
5 0.520 0.17280 17.280 117.280 100.000 50.000 113.576 100.000 50.003 2
5 0.540 0.18112 18.112 118.112 100.000 50.000 114.400 100.000 50.002 2
5 0.560 0.18943 18.943 118.943 100.000 50.000 115.225 100.000 50.002 2
5 0.580 0.19774 19.774 119.774 100.000 50.000 116.052 100.000 50.001 2
5 0.600 0.20605 20.605 120.605 100.000 50.000 116.879 100.000 50.001 2
5 0.620 0.21436 21.436 121.436 100.000 50.000 117.707 100.000 50.001 2
5 0.640 0.22267 22.267 122.267 100.000 50.000 118.536 100.000 50.001 2
5 0.660 0.23098 23.098 123.098 100.000 50.000 119.366 100.000 50.001 2
5 0.680 0.23929 23.929 123.929 100.000 50.000 120.195 100.000 50.000 2
5 0.700 0.24760 24.760 124.760 100.000 50.000 121.026 100.000 50.000 2
5 0.720 0.25592 25.592 125.592 100.000 50.000 121.856 100.000 50.000 2
5 0.740 0.26423 26.423 126.423 100.000 50.000 122.686 100.000 50.000 2
5 0.760 0.27254 27.254 127.254 100.000 50.000 123.517 100.000 50.000 2
5 0.780 0.28085 28.085 128.085 100.000 50.000 124.348 100.000 50.000 2
5 0.800 0.28916 28.916 128.916 100.000 50.000 125.178 100.000 50.000 2
5 0.820 0.29747 29.747 129.747 100.000 50.000 126.009 100.000 50.000 2
5 0.840 0.30578 30.578 130.578 100.000 50.000 126.840 100.000 50.000 2
5 0.860 0.31409 31.409 131.409 100.000 50.000 127.671 100.000 50.000 2
5 0.880 0.32241 32.241 132.241 100.000 50.000 128.502 100.000 50.000 2
5 0.900 0.33072 33.072 133.072 100.000 50.000 129.333 100.000 50.000 2
5 0.920 0.33903 33.903 133.903 100.000 50.000 130.164 100.000 50.000 2
5 0.940 0.34734 34.734 134.734 100.000 50.000 130.995 100.000 50.000 2
5 0.960 0.35565 35.565 135.565 100.000 50.000 131.826 100.000 50.000 2
5 0.980 0.36396 36.396 136.396 100.000 50.000 132.657 100.000 50.000 2
5 1.000 0.37227 37.227 137.227 100.000 50.000 133.488 100.000 50.000 2
5 1.020 0.38058 38.058 138.058 100.000 50.000 134.320 100.000 50.000 2
5 1.040 0.38890 38.890 138.890 100.000 50.000 135.151 100.000 50.000 2
5 1.060 0.39721 39.721 139.721 100.000 50.000 135.982 100.000 50.000 2
5 1.080 0.40552 40.552 140.552 100.000 50.000 136.813 100.000 50.000 2
5 1.100 0.41383 41.383 141.383 100.000 50.000 137.644 100.000 50.000 2
5 1.120 0.42214 42.214 142.214 100.000 50.000 138.475 100.000 50.000 2
5 1.140 0.43045 43.045 143.045 100.000 50.000 139.306 100.000 50.000 2
5 1.160 0.43876 43.876 143.876 100.000 50.000 140.137 100.000 50.000 2
5 1.180 0.44707 44.707 144.707 100.000 50.000 140.968 100.000 50.000 2
5 1.200 0.45538 45.538 145.538 100.000 50.000 141.800 100.000 50.000 2
5 1.220 0.46370 46.370 146.370 100.000 50.000 142.631 100.000 50.000 2
5 1.240 0.47201 47.201 147.201 100.000 50.000 143.462 100.000 50.000 2
5 1.260 0.48032 48.032 148.032 100.000 50.000 144.293 100.000 50.000 2
5 1.280 0.48863 48.863 148.863 100.000 50.000 145.124 100.000 50.000 2
5 1.300 0.49694 49.694 149.694 100.000 50.000 145.955 100.000 50.000 2
5 1.320 0.50525 50.525 150.525 100.000 50.000 146.786 100.000 50.000 2
5 1.340 0.51356 51.356 151.356 100.000 50.000 147.617 100.000 50.000 2
5 1.360 0.52187 52.187 152.187 100.000 50.000 148.448 100.000 50.000 2
5 1.380 0.53019 53.019 153.019 100.000 50.000 149.280 100.000 50.000 2
5 1.400 0.53850 53.850 153.850 100.000 50.000 150.111 100.000 50.000 2
5 1.420 0.54681 54.681 154.681 100.000 50.000 150.942 100.000 50.000 2
5 1.440 0.55512 55.512 155.512 100.000 50.000 151.773 100.000 50.000 2
5 1.460 0.56343 56.343 156.343 100.000 50.000 152.604 100.000 50.000 2
5 1.480 0.57174 57.174 157.174 100.000 50.000 153.435 100.000 50.000 2
5 1.500 0.58005 58.005 158.005 100.000 50.000 154.266 100.000 50.000 2
5 1.520 0.58836 58.836 158.836 100.000 50.000 155.097 100.000 50.000 2
5 1.540 0.59668 59.668 159.668 100.000 50.000 155.929 100.000 50.000 2
5 1.560 0.60499 60.499 160.499 100.000 50.000 156.760 100.000 50.000 2
5 1.580 0.61330 61.330 161.330 100.000 50.000 157.591 100.000 50.000 2
5 1.600 0.62161 62.161 162.161 100.000 50.000 158.422 100.000 50.000 2
5 1.620 0.62992 62.992 162.992 100.000 50.000 159.253 100.000 50.000 2
5 1.640 0.63823 63.823 163.823 100.000 50.000 160.084 100.000 50.000 2
5 1.660 0.64654 64.654 164.654 100.000 50.000 160.915 100.000 50.000 2
5 1.680 0.65485 65.485 165.485 100.000 50.000 161.746 100.000 50.000 2
5 1.700 0.66317 66.317 166.317 100.000 50.000 162.578 100.000 50.000 2
5 1.720 0.67148 67.148 167.148 100.000 50.000 163.409 100.000 50.000 2
5 1.740 0.67979 67.979 167.979 100.000 50.000 164.240 100.000 50.000 2
5 1.760 0.68810 68.810 168.810 100.000 50.000 165.071 100.000 50.000 2
5 1.780 0.69641 69.641 169.641 100.000 50.000 165.902 100.000 50.000 2
5 1.800 0.70472 70.472 170.472 100.000 50.000 166.733 100.000 50.000 2
5 1.820 0.71303 71.303 171.303 100.000 50.000 167.564 100.000 50.000 2
5 1.840 0.72134 72.134 172.134 100.000 50.000 168.395 100.000 50.000 2
5 1.860 0.72965 72.965 172.965 100.000 50.000 169.226 100.000 50.000 2
5 1.880 0.73797 73.797 173.797 100.000 50.000 170.058 100.000 50.000 2
5 1.900 0.74628 74.628 174.628 100.000 50.000 170.889 100.000 50.000 2
5 1.920 0.75459 75.459 175.459 100.000 50.000 171.720 100.000 50.000 2
5 1.940 0.76290 76.290 176.290 100.000 50.000 172.551 100.000 50.000 2
5 1.960 0.77121 77.121 177.121 100.000 50.000 173.382 100.000 50.000 2
5 1.980 0.77952 77.952 177.952 100.000 50.000 174.213 100.000 50.000 2
5 2.000 0.78783 78.783 178.783 100.000 50.000 175.044 100.000 50.000 2
5 2.020 0.79614 79.614 179.614 100.000 50.000 175.875 100.000 50.000 2
5 2.040 0.80446 80.446 180.446 100.000 50.000 176.707 100.000 50.000 2
5 2.060 0.81277 81.277 181.277 100.000 50.000 177.538 100.000 50.000 2
5 2.080 0.82108 82.108 182.108 100.000 50.000 178.369 100.000 50.000 2
5 2.100 0.82939 82.939 182.939 100.000 50.000 179.200 100.000 50.000 2
5 2.120 0.83770 83.770 183.770 100.000 50.000 180.031 100.000 50.000 2
5 2.140 0.84601 84.601 184.601 100.000 50.000 180.862 100.000 50.000 2
5 2.160 0.85432 85.432 185.432 100.000 50.000 181.693 100.000 50.000 2
5 2.180 0.86263 86.263 186.263 100.000 50.000 182.524 100.000 50.000 2
5 2.200 0.87095 87.095 187.095 100.000 50.000 183.356 100.000 50.000 2
5 2.220 0.87926 87.926 187.926 100.000 50.000 184.187 100.000 50.000 2
5 2.240 0.88757 88.757 188.757 100.000 50.000 185.018 100.000 50.000 2
5 2.260 0.89588 89.588 189.588 100.000 50.000 185.849 100.000 50.000 2
5 2.280 0.90419 90.419 190.419 100.000 50.000 186.680 100.000 50.000 2
5 2.300 0.91250 91.250 191.250 100.000 50.000 187.511 100.000 50.000 2
5 2.320 0.92081 92.081 192.081 100.000 50.000 188.342 100.000 50.000 2
5 2.340 0.92912 92.912 192.912 100.000 50.000 189.173 100.000 50.000 2
5 2.360 0.93744 93.744 193.744 100.000 50.000 190.005 100.000 50.000 2
5 2.380 0.94575 94.575 194.575 100.000 50.000 190.836 100.000 50.000 2
5 2.400 0.95406 95.406 195.406 100.000 50.000 191.667 100.000 50.000 2
5 2.420 0.96237 96.237 196.237 100.000 50.000 192.498 100.000 50.000 2
5 2.440 0.97068 97.068 197.068 100.000 50.000 193.329 100.000 50.000 2
5 2.460 0.97846 97.846 197.846 100.000 50.000 194.156 100.000 50.000 3
5 2.480 0.98504 98.504 198.504 100.000 50.000 194.965 100.000 50.000 3
5 2.500 0.99043 99.043 199.043 100.000 50.000 195.737 100.000 50.000 3
5 2.520 0.99461 99.461 199.461 100.000 50.000 196.453 100.000 50.000 3
5 2.540 0.99761 99.761 199.761 100.000 50.000 197.101 100.000 50.000 3
5 2.560 0.99940 99.940 199.940 100.000 50.000 197.669 100.000 50.000 3


6 0.000 0.00000 0.000 200.000 100.000 50.000 198.150 100.000 50.000 1
6 0.020 0.00050 0.040 200.000 100.040 50.000 198.540 100.003 50.000 1
6 0.040 0.00199 0.159 200.000 100.159 50.000 198.849 100.020 50.000 1
6 0.060 0.00449 0.359 200.000 100.359 50.000 199.093 100.062 50.000 1
6 0.080 0.00797 0.638 200.000 100.638 50.000 199.285 100.143 50.000 1
6 0.100 0.01246 0.997 200.000 100.997 50.000 199.436 100.269 50.000 1
6 0.120 0.01794 1.435 200.000 101.435 50.000 199.556 100.449 50.000 1
6 0.140 0.02442 1.953 200.000 101.953 50.000 199.650 100.688 50.000 1
6 0.160 0.03189 2.552 200.000 102.552 50.000 199.724 100.990 50.000 1
6 0.180 0.04037 3.229 200.000 103.229 50.000 199.783 101.359 50.000 1
6 0.200 0.04983 3.987 200.000 103.987 50.000 199.829 101.797 50.000 1
6 0.220 0.06013 4.810 200.000 104.810 50.000 199.865 102.305 50.000 2
6 0.240 0.07051 5.641 200.000 105.641 50.000 199.894 102.879 50.000 2
6 0.260 0.08089 6.472 200.000 106.472 50.000 199.916 103.506 50.000 2
6 0.280 0.09128 7.302 200.000 107.302 50.000 199.934 104.176 50.000 2
6 0.300 0.10166 8.133 200.000 108.133 50.000 199.948 104.879 50.000 2
6 0.320 0.11204 8.963 200.000 108.963 50.000 199.959 105.609 50.000 2
6 0.340 0.12242 9.794 200.000 109.794 50.000 199.968 106.360 50.000 2
6 0.360 0.13280 10.624 200.000 110.624 50.000 199.974 107.127 50.000 2
6 0.380 0.14319 11.455 200.000 111.455 50.000 199.980 107.908 50.000 2
6 0.400 0.15357 12.286 200.000 112.286 50.000 199.984 108.699 50.000 2
6 0.420 0.16395 13.116 200.000 113.116 50.000 199.988 109.498 50.000 2
6 0.440 0.17433 13.947 200.000 113.947 50.000 199.990 110.304 50.000 2
6 0.460 0.18472 14.777 200.000 114.777 50.000 199.992 111.115 50.000 2
6 0.480 0.19510 15.608 200.000 115.608 50.000 199.994 111.930 50.000 2
6 0.500 0.20548 16.438 200.000 116.438 50.000 199.995 112.748 50.000 2
6 0.520 0.21586 17.269 200.000 117.269 50.000 199.996 113.569 50.000 2
6 0.540 0.22624 18.099 200.000 118.099 50.000 199.997 114.392 50.000 2
6 0.560 0.23663 18.930 200.000 118.930 50.000 199.998 115.217 50.000 2
6 0.580 0.24701 19.761 200.000 119.761 50.000 199.998 116.042 50.000 2
6 0.600 0.25739 20.591 200.000 120.591 50.000 199.999 116.869 50.000 2
6 0.620 0.26777 21.422 200.000 121.422 50.000 199.999 117.697 50.000 2
6 0.640 0.27815 22.252 200.000 122.252 50.000 199.999 118.525 50.000 2
6 0.660 0.28854 23.083 200.000 123.083 50.000 199.999 119.354 50.000 2
6 0.680 0.29892 23.913 200.000 123.913 50.000 199.999 120.183 50.000 2
6 0.700 0.30930 24.744 200.000 124.744 50.000 200.000 121.012 50.000 2
6 0.720 0.31968 25.575 200.000 125.575 50.000 200.000 121.842 50.000 2
6 0.740 0.33006 26.405 200.000 126.405 50.000 200.000 122.672 50.000 2
6 0.760 0.34045 27.236 200.000 127.236 50.000 200.000 123.502 50.000 2
6 0.780 0.35083 28.066 200.000 128.066 50.000 200.000 124.332 50.000 2
6 0.800 0.36121 28.897 200.000 128.897 50.000 200.000 125.162 50.000 2
6 0.820 0.37159 29.727 200.000 129.727 50.000 200.000 125.992 50.000 2
6 0.840 0.38198 30.558 200.000 130.558 50.000 200.000 126.822 50.000 2
6 0.860 0.39236 31.389 200.000 131.389 50.000 200.000 127.653 50.000 2
6 0.880 0.40274 32.219 200.000 132.219 50.000 200.000 128.483 50.000 2
6 0.900 0.41312 33.050 200.000 133.050 50.000 200.000 129.314 50.000 2
6 0.920 0.42350 33.880 200.000 133.880 50.000 200.000 130.144 50.000 2
6 0.940 0.43389 34.711 200.000 134.711 50.000 200.000 130.975 50.000 2
6 0.960 0.44427 35.541 200.000 135.541 50.000 200.000 131.805 50.000 2
6 0.980 0.45465 36.372 200.000 136.372 50.000 200.000 132.636 50.000 2
6 1.000 0.46503 37.203 200.000 137.203 50.000 200.000 133.466 50.000 2
6 1.020 0.47541 38.033 200.000 138.033 50.000 200.000 134.297 50.000 2
6 1.040 0.48580 38.864 200.000 138.864 50.000 200.000 135.127 50.000 2
6 1.060 0.49618 39.694 200.000 139.694 50.000 200.000 135.958 50.000 2
6 1.080 0.50656 40.525 200.000 140.525 50.000 200.000 136.789 50.000 2
6 1.100 0.51694 41.355 200.000 141.355 50.000 200.000 137.619 50.000 2
6 1.120 0.52733 42.186 200.000 142.186 50.000 200.000 138.450 50.000 2
6 1.140 0.53771 43.017 200.000 143.017 50.000 200.000 139.280 50.000 2
6 1.160 0.54809 43.847 200.000 143.847 50.000 200.000 140.111 50.000 2
6 1.180 0.55847 44.678 200.000 144.678 50.000 200.000 140.941 50.000 2
6 1.200 0.56885 45.508 200.000 145.508 50.000 200.000 141.772 50.000 2
6 1.220 0.57924 46.339 200.000 146.339 50.000 200.000 142.602 50.000 2
6 1.240 0.58962 47.169 200.000 147.169 50.000 200.000 143.433 50.000 2
6 1.260 0.60000 48.000 200.000 148.000 50.000 200.000 144.264 50.000 2
6 1.280 0.61038 48.831 200.000 148.831 50.000 200.000 145.094 50.000 2
6 1.300 0.62076 49.661 200.000 149.661 50.000 200.000 145.925 50.000 2
6 1.320 0.63115 50.492 200.000 150.492 50.000 200.000 146.755 50.000 2
6 1.340 0.64153 51.322 200.000 151.322 50.000 200.000 147.586 50.000 2
6 1.360 0.65191 52.153 200.000 152.153 50.000 200.000 148.416 50.000 2
6 1.380 0.66229 52.983 200.000 152.983 50.000 200.000 149.247 50.000 2
6 1.400 0.67267 53.814 200.000 153.814 50.000 200.000 150.078 50.000 2
6 1.420 0.68306 54.645 200.000 154.645 50.000 200.000 150.908 50.000 2
6 1.440 0.69344 55.475 200.000 155.475 50.000 200.000 151.739 50.000 2
6 1.460 0.70382 56.306 200.000 156.306 50.000 200.000 152.569 50.000 2
6 1.480 0.71420 57.136 200.000 157.136 50.000 200.000 153.400 50.000 2
6 1.500 0.72459 57.967 200.000 157.967 50.000 200.000 154.230 50.000 2
6 1.520 0.73497 58.797 200.000 158.797 50.000 200.000 155.061 50.000 2
6 1.540 0.74535 59.628 200.000 159.628 50.000 200.000 155.892 50.000 2
6 1.560 0.75573 60.459 200.000 160.459 50.000 200.000 156.722 50.000 2
6 1.580 0.76611 61.289 200.000 161.289 50.000 200.000 157.553 50.000 2
6 1.600 0.77650 62.120 200.000 162.120 50.000 200.000 158.383 50.000 2
6 1.620 0.78688 62.950 200.000 162.950 50.000 200.000 159.214 50.000 2
6 1.640 0.79726 63.781 200.000 163.781 50.000 200.000 160.044 50.000 2
6 1.660 0.80764 64.611 200.000 164.611 50.000 200.000 160.875 50.000 2
6 1.680 0.81802 65.442 200.000 165.442 50.000 200.000 161.706 50.000 2
6 1.700 0.82841 66.273 200.000 166.273 50.000 200.000 162.536 50.000 2
6 1.720 0.83879 67.103 200.000 167.103 50.000 200.000 163.367 50.000 2
6 1.740 0.84917 67.934 200.000 167.934 50.000 200.000 164.197 50.000 2
6 1.760 0.85955 68.764 200.000 168.764 50.000 200.000 165.028 50.000 2
6 1.780 0.86994 69.595 200.000 169.595 50.000 200.000 165.858 50.000 2
6 1.800 0.88032 70.425 200.000 170.425 50.000 200.000 166.689 50.000 2
6 1.820 0.89070 71.256 200.000 171.256 50.000 200.000 167.520 50.000 2
6 1.840 0.90108 72.087 200.000 172.087 50.000 200.000 168.350 50.000 2
6 1.860 0.91146 72.917 200.000 172.917 50.000 200.000 169.181 50.000 2
6 1.880 0.92185 73.748 200.000 173.748 50.000 200.000 170.011 50.000 2
6 1.900 0.93223 74.578 200.000 174.578 50.000 200.000 170.842 50.000 2
6 1.920 0.94261 75.409 200.000 175.409 50.000 200.000 171.672 50.000 2
6 1.940 0.95299 76.239 200.000 176.239 50.000 200.000 172.503 50.000 2
6 1.960 0.96337 77.070 200.000 177.070 50.000 200.000 173.334 50.000 2
6 1.980 0.97309 77.847 200.000 177.847 50.000 200.000 174.160 50.000 3
6 2.000 0.98131 78.505 200.000 178.505 50.000 200.000 174.967 50.000 3
6 2.020 0.98804 79.043 200.000 179.043 50.000 200.000 175.737 50.000 3
6 2.040 0.99327 79.462 200.000 179.462 50.000 200.000 176.450 50.000 3
6 2.060 0.99701 79.761 200.000 179.761 50.000 200.000 177.095 50.000 3
6 2.080 0.99925 79.940 200.000 179.940 50.000 200.000 177.660 50.000 3


7 0.000 0.00000 0.000 200.000 180.000 50.000 200.000 178.137 50.000 1
7 0.020 0.00040 0.040 199.960 180.000 50.000 199.997 178.525 50.000 1
7 0.040 0.00160 0.160 199.840 180.000 50.000 199.981 178.833 50.000 1
7 0.060 0.00359 0.359 199.641 180.000 50.000 199.940 179.077 50.000 1
7 0.080 0.00638 0.638 199.362 180.000 50.000 199.861 179.269 50.000 1
7 0.100 0.00997 0.997 199.003 180.000 50.000 199.736 179.422 50.000 1
7 0.120 0.01436 1.436 198.564 180.000 50.000 199.558 179.543 50.000 1
7 0.140 0.01955 1.955 198.045 180.000 50.000 199.320 179.638 50.000 1
7 0.160 0.02553 2.553 197.447 180.000 50.000 199.020 179.714 50.000 1
7 0.180 0.03231 3.231 196.769 180.000 50.000 198.652 179.773 50.000 1
7 0.200 0.03989 3.989 196.011 180.000 50.000 198.215 179.821 50.000 1
7 0.220 0.04814 4.814 195.186 180.000 50.000 197.708 179.858 50.000 2
7 0.240 0.05645 5.645 194.355 180.000 50.000 197.134 179.888 50.000 2
7 0.260 0.06476 6.476 193.524 180.000 50.000 196.506 179.911 50.000 2
7 0.280 0.07307 7.307 192.693 180.000 50.000 195.836 179.930 50.000 2
7 0.300 0.08138 8.138 191.862 180.000 50.000 195.131 179.944 50.000 2
7 0.320 0.08969 8.969 191.031 180.000 50.000 194.399 179.956 50.000 2
7 0.340 0.09800 9.800 190.200 180.000 50.000 193.647 179.965 50.000 2
7 0.360 0.10631 10.631 189.369 180.000 50.000 192.877 179.972 50.000 2
7 0.380 0.11463 11.463 188.537 180.000 50.000 192.095 179.978 50.000 2
7 0.400 0.12294 12.294 187.706 180.000 50.000 191.302 179.983 50.000 2
7 0.420 0.13125 13.125 186.875 180.000 50.000 190.502 179.986 50.000 2
7 0.440 0.13956 13.956 186.044 180.000 50.000 189.694 179.989 50.000 2
7 0.460 0.14787 14.787 185.213 180.000 50.000 188.882 179.991 50.000 2
7 0.480 0.15618 15.618 184.382 180.000 50.000 188.066 179.993 50.000 2
7 0.500 0.16449 16.449 183.551 180.000 50.000 187.246 179.995 50.000 2
7 0.520 0.17280 17.280 182.720 180.000 50.000 186.424 179.996 50.000 2
7 0.540 0.18112 18.112 181.888 180.000 50.000 185.600 179.997 50.000 2
7 0.560 0.18943 18.943 181.057 180.000 50.000 184.775 179.997 50.000 2
7 0.580 0.19774 19.774 180.226 180.000 50.000 183.948 179.998 50.000 2
7 0.600 0.20605 20.605 179.395 180.000 50.000 183.121 179.998 50.000 2
7 0.620 0.21436 21.436 178.564 180.000 50.000 182.293 179.999 50.000 2
7 0.640 0.22267 22.267 177.733 180.000 50.000 181.464 179.999 50.000 2
7 0.660 0.23098 23.098 176.902 180.000 50.000 180.634 179.999 50.000 2
7 0.680 0.23929 23.929 176.071 180.000 50.000 179.805 179.999 50.000 2
7 0.700 0.24760 24.760 175.240 180.000 50.000 178.974 179.999 50.000 2
7 0.720 0.25592 25.592 174.408 180.000 50.000 178.144 180.000 50.000 2
7 0.740 0.26423 26.423 173.577 180.000 50.000 177.314 180.000 50.000 2
7 0.760 0.27254 27.254 172.746 180.000 50.000 176.483 180.000 50.000 2
7 0.780 0.28085 28.085 171.915 180.000 50.000 175.652 180.000 50.000 2
7 0.800 0.28916 28.916 171.084 180.000 50.000 174.822 180.000 50.000 2
7 0.820 0.29747 29.747 170.253 180.000 50.000 173.991 180.000 50.000 2
7 0.840 0.30578 30.578 169.422 180.000 50.000 173.160 180.000 50.000 2
7 0.860 0.31409 31.409 168.591 180.000 50.000 172.329 180.000 50.000 2
7 0.880 0.32241 32.241 167.759 180.000 50.000 171.498 180.000 50.000 2
7 0.900 0.33072 33.072 166.928 180.000 50.000 170.667 180.000 50.000 2
7 0.920 0.33903 33.903 166.097 180.000 50.000 169.836 180.000 50.000 2
7 0.940 0.34734 34.734 165.266 180.000 50.000 169.005 180.000 50.000 2
7 0.960 0.35565 35.565 164.435 180.000 50.000 168.174 180.000 50.000 2
7 0.980 0.36396 36.396 163.604 180.000 50.000 167.343 180.000 50.000 2
7 1.000 0.37227 37.227 162.773 180.000 50.000 166.512 180.000 50.000 2
7 1.020 0.38058 38.058 161.942 180.000 50.000 165.680 180.000 50.000 2
7 1.040 0.38890 38.890 161.110 180.000 50.000 164.849 180.000 50.000 2
7 1.060 0.39721 39.721 160.279 180.000 50.000 164.018 180.000 50.000 2
7 1.080 0.40552 40.552 159.448 180.000 50.000 163.187 180.000 50.000 2
7 1.100 0.41383 41.383 158.617 180.000 50.000 162.356 180.000 50.000 2
7 1.120 0.42214 42.214 157.786 180.000 50.000 161.525 180.000 50.000 2
7 1.140 0.43045 43.045 156.955 180.000 50.000 160.694 180.000 50.000 2
7 1.160 0.43876 43.876 156.124 180.000 50.000 159.863 180.000 50.000 2
7 1.180 0.44707 44.707 155.293 180.000 50.000 159.032 180.000 50.000 2
7 1.200 0.45538 45.538 154.462 180.000 50.000 158.200 180.000 50.000 2
7 1.220 0.46370 46.370 153.630 180.000 50.000 157.369 180.000 50.000 2
7 1.240 0.47201 47.201 152.799 180.000 50.000 156.538 180.000 50.000 2
7 1.260 0.48032 48.032 151.968 180.000 50.000 155.707 180.000 50.000 2
7 1.280 0.48863 48.863 151.137 180.000 50.000 154.876 180.000 50.000 2
7 1.300 0.49694 49.694 150.306 180.000 50.000 154.045 180.000 50.000 2
7 1.320 0.50525 50.525 149.475 180.000 50.000 153.214 180.000 50.000 2
7 1.340 0.51356 51.356 148.644 180.000 50.000 152.383 180.000 50.000 2
7 1.360 0.52187 52.187 147.813 180.000 50.000 151.552 180.000 50.000 2
7 1.380 0.53019 53.019 146.981 180.000 50.000 150.720 180.000 50.000 2
7 1.400 0.53850 53.850 146.150 180.000 50.000 149.889 180.000 50.000 2
7 1.420 0.54681 54.681 145.319 180.000 50.000 149.058 180.000 50.000 2
7 1.440 0.55512 55.512 144.488 180.000 50.000 148.227 180.000 50.000 2
7 1.460 0.56343 56.343 143.657 180.000 50.000 147.396 180.000 50.000 2
7 1.480 0.57174 57.174 142.826 180.000 50.000 146.565 180.000 50.000 2
7 1.500 0.58005 58.005 141.995 180.000 50.000 145.734 180.000 50.000 2
7 1.520 0.58836 58.836 141.164 180.000 50.000 144.903 180.000 50.000 2
7 1.540 0.59668 59.668 140.332 180.000 50.000 144.071 180.000 50.000 2
7 1.560 0.60499 60.499 139.501 180.000 50.000 143.240 180.000 50.000 2
7 1.580 0.61330 61.330 138.670 180.000 50.000 142.409 180.000 50.000 2
7 1.600 0.62161 62.161 137.839 180.000 50.000 141.578 180.000 50.000 2
7 1.620 0.62992 62.992 137.008 180.000 50.000 140.747 180.000 50.000 2
7 1.640 0.63823 63.823 136.177 180.000 50.000 139.916 180.000 50.000 2
7 1.660 0.64654 64.654 135.346 180.000 50.000 139.085 180.000 50.000 2
7 1.680 0.65485 65.485 134.515 180.000 50.000 138.254 180.000 50.000 2
7 1.700 0.66317 66.317 133.683 180.000 50.000 137.422 180.000 50.000 2
7 1.720 0.67148 67.148 132.852 180.000 50.000 136.591 180.000 50.000 2
7 1.740 0.67979 67.979 132.021 180.000 50.000 135.760 180.000 50.000 2
7 1.760 0.68810 68.810 131.190 180.000 50.000 134.929 180.000 50.000 2
7 1.780 0.69641 69.641 130.359 180.000 50.000 134.098 180.000 50.000 2
7 1.800 0.70472 70.472 129.528 180.000 50.000 133.267 180.000 50.000 2
7 1.820 0.71303 71.303 128.697 180.000 50.000 132.436 180.000 50.000 2
7 1.840 0.72134 72.134 127.866 180.000 50.000 131.605 180.000 50.000 2
7 1.860 0.72965 72.965 127.035 180.000 50.000 130.774 180.000 50.000 2
7 1.880 0.73797 73.797 126.203 180.000 50.000 129.942 180.000 50.000 2
7 1.900 0.74628 74.628 125.372 180.000 50.000 129.111 180.000 50.000 2
7 1.920 0.75459 75.459 124.541 180.000 50.000 128.280 180.000 50.000 2
7 1.940 0.76290 76.290 123.710 180.000 50.000 127.449 180.000 50.000 2
7 1.960 0.77121 77.121 122.879 180.000 50.000 126.618 180.000 50.000 2
7 1.980 0.77952 77.952 122.048 180.000 50.000 125.787 180.000 50.000 2
7 2.000 0.78783 78.783 121.217 180.000 50.000 124.956 180.000 50.000 2
7 2.020 0.79614 79.614 120.386 180.000 50.000 124.125 180.000 50.000 2
7 2.040 0.80446 80.446 119.554 180.000 50.000 123.293 180.000 50.000 2
7 2.060 0.81277 81.277 118.723 180.000 50.000 122.462 180.000 50.000 2
7 2.080 0.82108 82.108 117.892 180.000 50.000 121.631 180.000 50.000 2
7 2.100 0.82939 82.939 117.061 180.000 50.000 120.800 180.000 50.000 2
7 2.120 0.83770 83.770 116.230 180.000 50.000 119.969 180.000 50.000 2
7 2.140 0.84601 84.601 115.399 180.000 50.000 119.138 180.000 50.000 2
7 2.160 0.85432 85.432 114.568 180.000 50.000 118.307 180.000 50.000 2
7 2.180 0.86263 86.263 113.737 180.000 50.000 117.476 180.000 50.000 2
7 2.200 0.87095 87.095 112.905 180.000 50.000 116.644 180.000 50.000 2
7 2.220 0.87926 87.926 112.074 180.000 50.000 115.813 180.000 50.000 2
7 2.240 0.88757 88.757 111.243 180.000 50.000 114.982 180.000 50.000 2
7 2.260 0.89588 89.588 110.412 180.000 50.000 114.151 180.000 50.000 2
7 2.280 0.90419 90.419 109.581 180.000 50.000 113.320 180.000 50.000 2
7 2.300 0.91250 91.250 108.750 180.000 50.000 112.489 180.000 50.000 2
7 2.320 0.92081 92.081 107.919 180.000 50.000 111.658 180.000 50.000 2
7 2.340 0.92912 92.912 107.088 180.000 50.000 110.827 180.000 50.000 2
7 2.360 0.93744 93.744 106.256 180.000 50.000 109.995 180.000 50.000 2
7 2.380 0.94575 94.575 105.425 180.000 50.000 109.164 180.000 50.000 2
7 2.400 0.95406 95.406 104.594 180.000 50.000 108.333 180.000 50.000 2
7 2.420 0.96237 96.237 103.763 180.000 50.000 107.502 180.000 50.000 2
7 2.440 0.97068 97.068 102.932 180.000 50.000 106.671 180.000 50.000 2
7 2.460 0.97846 97.846 102.154 180.000 50.000 105.844 180.000 50.000 3
7 2.480 0.98504 98.504 101.496 180.000 50.000 105.035 180.000 50.000 3
7 2.500 0.99043 99.043 100.957 180.000 50.000 104.263 180.000 50.000 3
7 2.520 0.99461 99.461 100.539 180.000 50.000 103.547 180.000 50.000 3
7 2.540 0.99761 99.761 100.239 180.000 50.000 102.899 180.000 50.000 3
7 2.560 0.99940 99.940 100.060 180.000 50.000 102.331 180.000 50.000 3


8 0.000 0.00000 0.000 100.000 180.000 50.000 101.850 180.000 50.000 1
8 0.020 0.00050 0.040 100.000 179.960 50.000 101.460 179.997 50.000 1
8 0.040 0.00199 0.159 100.000 179.841 50.000 101.151 179.980 50.000 1
8 0.060 0.00449 0.359 100.000 179.641 50.000 100.907 179.938 50.000 1
8 0.080 0.00797 0.638 100.000 179.362 50.000 100.715 179.857 50.000 1
8 0.100 0.01246 0.997 100.000 179.003 50.000 100.564 179.731 50.000 1
8 0.120 0.01794 1.435 100.000 178.565 50.000 100.444 179.551 50.000 1
8 0.140 0.02442 1.953 100.000 178.047 50.000 100.350 179.312 50.000 1
8 0.160 0.03189 2.552 100.000 177.448 50.000 100.276 179.010 50.000 1
8 0.180 0.04037 3.229 100.000 176.771 50.000 100.217 178.641 50.000 1
8 0.200 0.04983 3.987 100.000 176.013 50.000 100.171 178.203 50.000 1
8 0.220 0.06013 4.810 100.000 175.190 50.000 100.135 177.695 50.000 2
8 0.240 0.07051 5.641 100.000 174.359 50.000 100.106 177.121 50.000 2
8 0.260 0.08089 6.472 100.000 173.528 50.000 100.084 176.494 50.000 2
8 0.280 0.09128 7.302 100.000 172.698 50.000 100.066 175.824 50.000 2
8 0.300 0.10166 8.133 100.000 171.867 50.000 100.052 175.121 50.000 2
8 0.320 0.11204 8.963 100.000 171.037 50.000 100.041 174.391 50.000 2
8 0.340 0.12242 9.794 100.000 170.206 50.000 100.032 173.640 50.000 2
8 0.360 0.13280 10.624 100.000 169.376 50.000 100.026 172.873 50.000 2
8 0.380 0.14319 11.455 100.000 168.545 50.000 100.020 172.092 50.000 2
8 0.400 0.15357 12.286 100.000 167.714 50.000 100.016 171.301 50.000 2
8 0.420 0.16395 13.116 100.000 166.884 50.000 100.012 170.502 50.000 2
8 0.440 0.17433 13.947 100.000 166.053 50.000 100.010 169.696 50.000 2
8 0.460 0.18472 14.777 100.000 165.223 50.000 100.008 168.885 50.000 2
8 0.480 0.19510 15.608 100.000 164.392 50.000 100.006 168.070 50.000 2
8 0.500 0.20548 16.438 100.000 163.562 50.000 100.005 167.252 50.000 2
8 0.520 0.21586 17.269 100.000 162.731 50.000 100.004 166.431 50.000 2
8 0.540 0.22624 18.099 100.000 161.901 50.000 100.003 165.608 50.000 2
8 0.560 0.23663 18.930 100.000 161.070 50.000 100.002 164.783 50.000 2
8 0.580 0.24701 19.761 100.000 160.239 50.000 100.002 163.958 50.000 2
8 0.600 0.25739 20.591 100.000 159.409 50.000 100.001 163.131 50.000 2
8 0.620 0.26777 21.422 100.000 158.578 50.000 100.001 162.303 50.000 2
8 0.640 0.27815 22.252 100.000 157.748 50.000 100.001 161.475 50.000 2
8 0.660 0.28854 23.083 100.000 156.917 50.000 100.001 160.646 50.000 2
8 0.680 0.29892 23.913 100.000 156.087 50.000 100.001 159.817 50.000 2
8 0.700 0.30930 24.744 100.000 155.256 50.000 100.000 158.988 50.000 2
8 0.720 0.31968 25.575 100.000 154.425 50.000 100.000 158.158 50.000 2
8 0.740 0.33006 26.405 100.000 153.595 50.000 100.000 157.328 50.000 2
8 0.760 0.34045 27.236 100.000 152.764 50.000 100.000 156.498 50.000 2
8 0.780 0.35083 28.066 100.000 151.934 50.000 100.000 155.668 50.000 2
8 0.800 0.36121 28.897 100.000 151.103 50.000 100.000 154.838 50.000 2
8 0.820 0.37159 29.727 100.000 150.273 50.000 100.000 154.008 50.000 2
8 0.840 0.38198 30.558 100.000 149.442 50.000 100.000 153.178 50.000 2
8 0.860 0.39236 31.389 100.000 148.611 50.000 100.000 152.347 50.000 2
8 0.880 0.40274 32.219 100.000 147.781 50.000 100.000 151.517 50.000 2
8 0.900 0.41312 33.050 100.000 146.950 50.000 100.000 150.686 50.000 2
8 0.920 0.42350 33.880 100.000 146.120 50.000 100.000 149.856 50.000 2
8 0.940 0.43389 34.711 100.000 145.289 50.000 100.000 149.025 50.000 2
8 0.960 0.44427 35.541 100.000 144.459 50.000 100.000 148.195 50.000 2
8 0.980 0.45465 36.372 100.000 143.628 50.000 100.000 147.364 50.000 2
8 1.000 0.46503 37.203 100.000 142.797 50.000 100.000 146.534 50.000 2
8 1.020 0.47541 38.033 100.000 141.967 50.000 100.000 145.703 50.000 2
8 1.040 0.48580 38.864 100.000 141.136 50.000 100.000 144.873 50.000 2
8 1.060 0.49618 39.694 100.000 140.306 50.000 100.000 144.042 50.000 2
8 1.080 0.50656 40.525 100.000 139.475 50.000 100.000 143.211 50.000 2
8 1.100 0.51694 41.355 100.000 138.645 50.000 100.000 142.381 50.000 2
8 1.120 0.52733 42.186 100.000 137.814 50.000 100.000 141.550 50.000 2
8 1.140 0.53771 43.017 100.000 136.983 50.000 100.000 140.720 50.000 2
8 1.160 0.54809 43.847 100.000 136.153 50.000 100.000 139.889 50.000 2
8 1.180 0.55847 44.678 100.000 135.322 50.000 100.000 139.059 50.000 2
8 1.200 0.56885 45.508 100.000 134.492 50.000 100.000 138.228 50.000 2
8 1.220 0.57924 46.339 100.000 133.661 50.000 100.000 137.398 50.000 2
8 1.240 0.58962 47.169 100.000 132.831 50.000 100.000 136.567 50.000 2
8 1.260 0.60000 48.000 100.000 132.000 50.000 100.000 135.736 50.000 2
8 1.280 0.61038 48.831 100.000 131.169 50.000 100.000 134.906 50.000 2
8 1.300 0.62076 49.661 100.000 130.339 50.000 100.000 134.075 50.000 2
8 1.320 0.63115 50.492 100.000 129.508 50.000 100.000 133.245 50.000 2
8 1.340 0.64153 51.322 100.000 128.678 50.000 100.000 132.414 50.000 2
8 1.360 0.65191 52.153 100.000 127.847 50.000 100.000 131.584 50.000 2
8 1.380 0.66229 52.983 100.000 127.017 50.000 100.000 130.753 50.000 2
8 1.400 0.67267 53.814 100.000 126.186 50.000 100.000 129.922 50.000 2
8 1.420 0.68306 54.645 100.000 125.355 50.000 100.000 129.092 50.000 2
8 1.440 0.69344 55.475 100.000 124.525 50.000 100.000 128.261 50.000 2
8 1.460 0.70382 56.306 100.000 123.694 50.000 100.000 127.431 50.000 2
8 1.480 0.71420 57.136 100.000 122.864 50.000 100.000 126.600 50.000 2
8 1.500 0.72459 57.967 100.000 122.033 50.000 100.000 125.770 50.000 2
8 1.520 0.73497 58.797 100.000 121.203 50.000 100.000 124.939 50.000 2
8 1.540 0.74535 59.628 100.000 120.372 50.000 100.000 124.108 50.000 2
8 1.560 0.75573 60.459 100.000 119.541 50.000 100.000 123.278 50.000 2
8 1.580 0.76611 61.289 100.000 118.711 50.000 100.000 122.447 50.000 2
8 1.600 0.77650 62.120 100.000 117.880 50.000 100.000 121.617 50.000 2
8 1.620 0.78688 62.950 100.000 117.050 50.000 100.000 120.786 50.000 2
8 1.640 0.79726 63.781 100.000 116.219 50.000 100.000 119.956 50.000 2
8 1.660 0.80764 64.611 100.000 115.389 50.000 100.000 119.125 50.000 2
8 1.680 0.81802 65.442 100.000 114.558 50.000 100.000 118.294 50.000 2
8 1.700 0.82841 66.273 100.000 113.727 50.000 100.000 117.464 50.000 2
8 1.720 0.83879 67.103 100.000 112.897 50.000 100.000 116.633 50.000 2
8 1.740 0.84917 67.934 100.000 112.066 50.000 100.000 115.803 50.000 2
8 1.760 0.85955 68.764 100.000 111.236 50.000 100.000 114.972 50.000 2
8 1.780 0.86994 69.595 100.000 110.405 50.000 100.000 114.142 50.000 2
8 1.800 0.88032 70.425 100.000 109.575 50.000 100.000 113.311 50.000 2
8 1.820 0.89070 71.256 100.000 108.744 50.000 100.000 112.480 50.000 2
8 1.840 0.90108 72.087 100.000 107.913 50.000 100.000 111.650 50.000 2
8 1.860 0.91146 72.917 100.000 107.083 50.000 100.000 110.819 50.000 2
8 1.880 0.92185 73.748 100.000 106.252 50.000 100.000 109.989 50.000 2
8 1.900 0.93223 74.578 100.000 105.422 50.000 100.000 109.158 50.000 2
8 1.920 0.94261 75.409 100.000 104.591 50.000 100.000 108.328 50.000 2
8 1.940 0.95299 76.239 100.000 103.761 50.000 100.000 107.497 50.000 2
8 1.960 0.96337 77.070 100.000 102.930 50.000 100.000 106.666 50.000 2
8 1.980 0.97309 77.847 100.000 102.153 50.000 100.000 105.840 50.000 3
8 2.000 0.98131 78.505 100.000 101.495 50.000 100.000 105.033 50.000 3
8 2.020 0.98804 79.043 100.000 100.957 50.000 100.000 104.263 50.000 3
8 2.040 0.99327 79.462 100.000 100.538 50.000 100.000 103.550 50.000 3
8 2.060 0.99701 79.761 100.000 100.239 50.000 100.000 102.905 50.000 3
8 2.080 0.99925 79.940 100.000 100.060 50.000 100.000 102.340 50.000 3


9 0.000 0.00000 0.000 100.000 100.000 50.000 100.000 101.863 50.000 1
9 0.020 0.00079 0.040 100.000 100.000 50.040 100.000 101.475 50.003 1
9 0.040 0.00318 0.159 100.000 100.000 50.159 100.000 101.167 50.020 1
9 0.060 0.00715 0.358 100.000 100.000 50.358 100.000 100.923 50.064 1
9 0.080 0.01272 0.636 100.000 100.000 50.636 100.000 100.731 50.145 1
9 0.100 0.01987 0.993 100.000 100.000 50.993 100.000 100.578 50.273 1
9 0.120 0.02861 1.430 100.000 100.000 51.430 100.000 100.457 50.454 1
9 0.140 0.03894 1.947 100.000 100.000 51.947 100.000 100.362 50.693 1
9 0.160 0.05086 2.543 100.000 100.000 52.543 100.000 100.286 50.995 1
9 0.180 0.06437 3.219 100.000 100.000 53.219 100.000 100.227 51.364 1
9 0.200 0.07947 3.974 100.000 100.000 53.974 100.000 100.179 51.802 1
9 0.220 0.09616 4.808 100.000 100.000 54.808 100.000 100.142 52.311 1
9 0.240 0.11444 5.722 100.000 100.000 55.722 100.000 100.112 52.892 1
9 0.260 0.13430 6.715 100.000 100.000 56.715 100.000 100.089 53.548 1
9 0.280 0.15576 7.788 100.000 100.000 57.788 100.000 100.070 54.279 1
9 0.300 0.17881 8.940 100.000 100.000 58.940 100.000 100.056 55.087 1
9 0.320 0.20344 10.172 100.000 100.000 60.172 100.000 100.044 55.971 1
9 0.340 0.22967 11.483 100.000 100.000 61.483 100.000 100.035 56.933 1
9 0.360 0.25748 12.874 100.000 100.000 62.874 100.000 100.028 57.973 1
9 0.380 0.28689 14.344 100.000 100.000 64.344 100.000 100.022 59.090 1
9 0.400 0.31788 15.894 100.000 100.000 65.894 100.000 100.017 60.286 1
9 0.420 0.35046 17.523 100.000 100.000 67.523 100.000 100.014 61.561 1
9 0.440 0.38464 19.232 100.000 100.000 69.232 100.000 100.011 62.915 1
9 0.460 0.42040 21.020 100.000 100.000 71.020 100.000 100.009 64.347 1
9 0.480 0.45775 22.887 100.000 100.000 72.887 100.000 100.007 65.859 1
9 0.500 0.49669 24.834 100.000 100.000 74.834 100.000 100.005 67.450 2
9 0.520 0.53642 26.821 100.000 100.000 76.821 100.000 100.004 69.116 2
9 0.540 0.57616 28.808 100.000 100.000 78.808 100.000 100.003 70.849 2
9 0.560 0.61589 30.795 100.000 100.000 80.795 100.000 100.003 72.634 2
9 0.580 0.65563 32.781 100.000 100.000 82.781 100.000 100.002 74.460 2
9 0.600 0.69483 34.742 100.000 100.000 84.742 100.000 100.002 76.318 3
9 0.620 0.73179 36.589 100.000 100.000 86.589 100.000 100.001 78.187 3
9 0.640 0.76636 38.318 100.000 100.000 88.318 100.000 100.001 80.044 3
9 0.660 0.79854 39.927 100.000 100.000 89.927 100.000 100.001 81.865 3
9 0.680 0.82834 41.417 100.000 100.000 91.417 100.000 100.001 83.634 3
9 0.700 0.85576 42.788 100.000 100.000 92.788 100.000 100.001 85.338 3
9 0.720 0.88079 44.040 100.000 100.000 94.040 100.000 100.000 86.964 3
9 0.740 0.90344 45.172 100.000 100.000 95.172 100.000 100.000 88.504 3
9 0.760 0.92371 46.185 100.000 100.000 96.185 100.000 100.000 89.951 3
9 0.780 0.94159 47.079 100.000 100.000 97.079 100.000 100.000 91.301 3
9 0.800 0.95709 47.854 100.000 100.000 97.854 100.000 100.000 92.547 3
9 0.820 0.97020 48.510 100.000 100.000 98.510 100.000 100.000 93.688 3
9 0.840 0.98093 49.046 100.000 100.000 99.046 100.000 100.000 94.721 3
9 0.860 0.98927 49.464 100.000 100.000 99.464 100.000 100.000 95.642 3
9 0.880 0.99523 49.762 100.000 100.000 99.762 100.000 100.000 96.451 3
9 0.900 0.99881 49.940 100.000 100.000 99.940 100.000 100.000 97.145 3


10 0.000 -0.00453 -1.519 300.000 200.000 350.000 100.077 100.090 97.868 0
10 0.020 -0.00183 -0.614 300.000 200.000 350.000 100.321 100.371 98.773 0
10 0.040 0.00165 0.552 300.000 200.000 350.000 100.718 100.824 99.839 0
10 0.060 0.00587 1.970 300.000 200.000 350.000 101.262 101.443 101.057 0
10 0.080 0.01081 3.625 300.000 200.000 350.000 101.947 102.220 102.420 0
10 0.100 0.01641 5.505 300.000 200.000 350.000 102.766 103.146 103.920 0
10 0.120 0.02266 7.600 300.000 200.000 350.000 103.714 104.214 105.548 0
10 0.140 0.02951 9.897 300.000 200.000 350.000 104.785 105.417 107.299 0
10 0.160 0.03693 12.386 300.000 200.000 350.000 105.973 106.748 109.164 0
10 0.180 0.04489 15.058 300.000 200.000 350.000 107.274 108.202 111.137 0
10 0.200 0.05337 17.902 300.000 200.000 350.000 108.683 109.771 113.213 0
10 0.220 0.06234 20.909 300.000 200.000 350.000 110.195 111.450 115.386 0
10 0.240 0.07176 24.071 300.000 200.000 350.000 111.805 113.235 117.650 0
10 0.260 0.08163 27.378 300.000 200.000 350.000 113.509 115.118 120.000 0
10 0.280 0.09190 30.823 300.000 200.000 350.000 115.303 117.097 122.431 0
10 0.300 0.10256 34.398 300.000 200.000 350.000 117.184 119.165 124.940 0
10 0.320 0.11358 38.096 300.000 200.000 350.000 119.146 121.319 127.521 0
10 0.340 0.12495 41.910 300.000 200.000 350.000 121.188 123.554 130.171 0
10 0.360 0.13664 45.832 300.000 200.000 350.000 123.305 125.866 132.885 0
10 0.380 0.14864 49.856 300.000 200.000 350.000 125.494 128.251 135.661 0
10 0.400 0.16092 53.975 300.000 200.000 350.000 127.751 130.707 138.495 0
10 0.420 0.17347 58.184 300.000 200.000 350.000 130.075 133.228 141.382 0
10 0.440 0.18627 62.477 300.000 200.000 350.000 132.462 135.812 144.322 0
10 0.460 0.19930 66.848 300.000 200.000 350.000 134.909 138.457 147.310 0
10 0.480 0.21255 71.290 300.000 200.000 350.000 137.414 141.158 150.344 0
10 0.500 0.22599 75.800 300.000 200.000 350.000 139.974 143.913 153.421 0
10 0.520 0.23962 80.371 300.000 200.000 350.000 142.586 146.720 156.539 0
10 0.540 0.25342 84.998 300.000 200.000 350.000 145.249 149.576 159.696 0
10 0.560 0.26737 89.677 300.000 200.000 350.000 147.960 152.478 162.889 0
10 0.580 0.28145 94.402 300.000 200.000 350.000 150.718 155.424 166.117 0
10 0.600 0.29566 99.167 300.000 200.000 350.000 153.519 158.412 169.377 0
10 0.620 0.30998 103.969 300.000 200.000 350.000 156.363 161.439 172.669 0
10 0.640 0.32439 108.802 300.000 200.000 350.000 159.247 164.505 175.989 0
10 0.660 0.33887 113.661 300.000 200.000 350.000 162.170 167.607 179.336 0
10 0.680 0.35342 118.541 300.000 200.000 350.000 165.129 170.743 182.709 0
10 0.700 0.36802 123.437 300.000 200.000 350.000 168.124 173.911 186.107 0
10 0.720 0.38265 128.343 300.000 200.000 350.000 171.153 177.111 189.528 0
10 0.740 0.39729 133.255 300.000 200.000 350.000 174.214 180.340 192.971 0
10 0.760 0.41193 138.165 300.000 200.000 350.000 177.306 183.596 196.434 0
10 0.780 0.42652 143.060 300.000 200.000 350.000 180.427 186.743 199.916 0
10 0.800 0.44104 147.929 300.000 200.000 350.000 183.577 189.582 203.417 0
10 0.820 0.45549 152.778 300.000 200.000 350.000 186.754 192.092 206.936 0
10 0.840 0.46992 157.616 300.000 200.000 350.000 189.956 194.289 210.470 0
10 0.860 0.48434 162.451 300.000 200.000 350.000 193.183 196.189 214.020 0
10 0.880 0.49876 167.290 300.000 200.000 350.000 196.434 197.807 217.585 0
10 0.900 0.51321 172.137 300.000 200.000 350.000 199.708 199.157 221.163 0
10 0.920 0.52770 176.997 300.000 200.000 350.000 203.003 200.252 224.755 0
10 0.940 0.54224 181.872 300.000 200.000 350.000 206.319 201.105 228.358 0
10 0.960 0.55682 186.765 300.000 200.000 350.000 209.654 201.727 231.974 0
10 0.980 0.57147 191.676 300.000 200.000 350.000 213.009 202.131 235.600 0
10 1.000 0.58617 196.608 300.000 200.000 350.000 216.381 202.326 239.237 0
10 1.020 0.60093 201.559 300.000 200.000 350.000 219.771 202.324 242.883 0
10 1.040 0.61575 206.528 300.000 200.000 350.000 223.178 202.134 246.538 0
10 1.060 0.63061 211.514 300.000 200.000 350.000 226.600 201.800 250.203 0
10 1.080 0.64551 216.512 300.000 200.000 350.000 230.037 201.437 253.875 0
10 1.100 0.66044 221.520 300.000 200.000 350.000 233.489 201.137 257.555 0
10 1.120 0.67540 226.537 300.000 200.000 350.000 236.955 200.900 261.243 0
10 1.140 0.69039 231.563 300.000 200.000 350.000 240.434 200.712 264.937 0
10 1.160 0.70539 236.595 300.000 200.000 350.000 243.925 200.563 268.638 0
10 1.180 0.72041 241.633 300.000 200.000 350.000 247.429 200.446 272.346 0
10 1.200 0.73544 246.675 300.000 200.000 350.000 250.944 200.353 276.059 0
10 1.220 0.75048 251.719 300.000 200.000 350.000 254.471 200.279 279.777 0
10 1.240 0.76552 256.762 300.000 200.000 350.000 258.008 200.221 283.501 0
10 1.260 0.78054 261.802 300.000 200.000 350.000 261.555 200.175 287.229 0
10 1.280 0.79555 266.834 300.000 200.000 350.000 265.112 200.138 290.963 0
10 1.300 0.81052 271.856 300.000 200.000 350.000 268.678 200.109 294.700 0
10 1.320 0.82544 276.860 300.000 200.000 350.000 272.253 200.087 298.442 0
10 1.340 0.84028 281.838 300.000 200.000 350.000 275.836 200.068 302.188 0
10 1.360 0.85502 286.781 300.000 200.000 350.000 279.427 200.054 305.937 0
10 1.380 0.86960 291.672 300.000 200.000 350.000 283.027 200.043 309.690 0
10 1.400 0.88380 296.435 300.000 200.000 350.000 286.479 200.034 313.446 0
10 1.420 0.89743 301.007 300.000 200.000 350.000 289.604 200.027 317.205 0
10 1.440 0.91055 305.407 300.000 200.000 350.000 292.431 200.021 320.967 0
10 1.460 0.92319 309.646 300.000 200.000 350.000 294.970 200.017 324.732 0
10 1.480 0.93537 313.732 300.000 200.000 350.000 297.234 200.013 328.499 0
10 1.500 0.94709 317.663 300.000 200.000 350.000 299.235 200.011 332.269 0
10 1.520 0.95766 321.210 300.000 200.000 350.000 300.984 200.008 335.833 0
10 1.540 0.96629 324.104 300.000 200.000 350.000 302.493 200.007 338.972 0
10 1.560 0.97289 326.317 300.000 200.000 350.000 303.771 200.005 341.725 0
10 1.580 0.97730 327.796 300.000 200.000 350.000 304.829 200.004 344.113 0
10 1.600 0.97956 328.553 300.000 200.000 350.000 305.677 200.003 346.155 0
10 1.620 0.98011 328.737 300.000 200.000 350.000 306.324 200.003 347.870 0
10 1.640 0.97968 328.594 300.000 200.000 350.000 306.778 200.002 349.278 0
10 1.660 0.97896 328.352 300.000 200.000 350.000 307.048 200.002 350.395 0
10 1.680 0.97839 328.163 300.000 200.000 350.000 307.141 200.001 351.237 0
10 1.700 0.97824 328.113 300.000 200.000 350.000 307.067 200.001 351.820 0
10 1.720 0.97864 328.247 300.000 200.000 350.000 306.831 200.001 352.158 0
10 1.740 0.97965 328.583 300.000 200.000 350.000 306.441 200.001 352.264 0
10 1.760 0.98127 329.126 300.000 200.000 350.000 305.904 200.001 352.153 0
10 1.780 0.98347 329.867 300.000 200.000 350.000 305.225 200.000 351.849 0
10 1.800 0.98613 330.756 300.000 200.000 350.000 304.412 200.000 351.479 0
10 1.820 0.98883 331.663 300.000 200.000 350.000 303.559 200.000 351.173 0
10 1.840 0.99116 332.444 300.000 200.000 350.000 302.816 200.000 350.931 0
10 1.860 0.99302 333.070 300.000 200.000 350.000 302.220 200.000 350.739 0
10 1.880 0.99450 333.565 300.000 200.000 350.000 301.750 200.000 350.586 0
10 1.900 0.99566 333.955 300.000 200.000 350.000 301.379 200.000 350.465 0
10 1.920 0.99658 334.262 300.000 200.000 350.000 301.087 200.000 350.369 0
10 1.940 0.99730 334.505 300.000 200.000 350.000 300.857 200.000 350.293 0
10 1.960 0.99787 334.696 300.000 200.000 350.000 300.675 200.000 350.233 0
10 1.980 0.99832 334.847 300.000 200.000 350.000 300.532 200.000 350.185 0
10 2.000 0.99868 334.966 300.000 200.000 350.000 300.419 200.000 350.147 0
10 2.020 0.99896 335.060 300.000 200.000 350.000 300.331 200.000 350.116 0
10 2.040 0.99918 335.134 300.000 200.000 350.000 300.261 200.000 350.092 0
10 2.060 0.99935 335.192 300.000 200.000 350.000 300.205 200.000 350.073 0
10 2.080 0.99949 335.238 300.000 200.000 350.000 300.162 200.000 350.058 0
10 2.100 0.99960 335.275 300.000 200.000 350.000 300.128 200.000 350.046 0
10 2.120 0.99968 335.303 300.000 200.000 350.000 300.101 200.000 350.037 0
10 2.140 0.99975 335.326 300.000 200.000 350.000 300.079 200.000 350.029 0
10 2.160 0.99980 335.344 300.000 200.000 350.000 300.062 200.000 350.023 0
10 2.180 0.99984 335.358 300.000 200.000 350.000 300.049 200.000 350.018 0
10 2.200 0.99988 335.369 300.000 200.000 350.000 300.039 200.000 350.015 0
10 2.220 0.99990 335.378 300.000 200.000 350.000 300.031 200.000 350.012 0
10 2.240 0.99992 335.384 300.000 200.000 350.000 300.024 200.000 350.009 0
10 2.260 0.99994 335.390 300.000 200.000 350.000 300.019 200.000 350.007 0
10 2.280 0.99995 335.394 300.000 200.000 350.000 300.015 200.000 350.006 0
10 2.300 0.99996 335.398 300.000 200.000 350.000 300.012 200.000 350.005 0
10 2.320 0.99997 335.400 300.000 200.000 350.000 300.009 200.000 350.004 0
10 2.340 0.99998 335.402 300.000 200.000 350.000 300.007 200.000 350.003 0
10 2.360 0.99998 335.404 300.000 200.000 350.000 300.006 200.000 350.002 0
10 2.380 0.99999 335.405 300.000 200.000 350.000 300.005 200.000 350.002 0


